32
0.0731
0.443829
0.393963
0.977513
0.650018
0.814976
0.18876
0.679776
0.931969
0.333296
0.47959
0.45936
0.58935
0.253462
0.771423
0.53627
0.738127
0.122139
0.333882
0.964571
0.448647
0.61722
0.602377
0.0828525
0.850554
0.384176
0.948804
0.315189
0.109257
0.44459
0.676387
0.774209
32
-1.38062
0.88174
0.507461
-0.418151
0.61217
0.292728
-0.289483
-0.578835
-0.192341
0.925609
-0.0521978
-0.680237
1.31116
-1.30097
-0.927845
0.439426
-0.289996
1.79321
-1.52791
-0.718577
0.357985
-0.588326
-0.892656
1.60539
0.658465
-0.561013
1.48728
-1.93817
1.45506
-1.15485
-0.91083
0.747388
32
-1.37796
0.737243
-0.533649
1.95813
-0.121274
-1.40763
-0.729467
0.668257
0.902618
-1.85754
-1.64316
-0.844265
0.72699
-0.428748
-0.0728041
0.0745445
0.414716
1.36523
2.16167
0.0536411
0.796894
-1.97786
1.4422
-1.17536
-1.54343
-1.46701
0.61865
0.246147
0.0065111
0.758013
-0.277336
0.661018
