64
0.590404
0.200562
0.0948408
0.52684
0.659691
0.166377
0.108574
0.474185
0.0400517
0.626313
0.481237
0.443529
0.402017
0.703492
0.875306
0.279882
0.215969
0.631872
0.967501
0.502686
0.938439
0.407768
0.158774
0.952204
0.0566
0.965293
0.667963
0.240028
0.418178
0.717306
0.853512
0.483876
0.761624
0.510753
0.570275
0.262481
0.377938
0.894493
0.238722
0.192487
0.152825
0.289721
0.467517
0.744286
0.515444
0.260955
0.969571
0.330804
0.931258
0.320316
0.662134
0.306973
0.246626
0.346295
0.0681304
0.00689056
0.663509
0.540744
0.794663
0.984253
0.680377
0.97536
0.489109
0.839251
