128
-0.00513477
0.0250831
-0.0370454
0.0414417
-0.0600765
0.164434
-0.0438602
-0.047954
0.0334749
-0.334535
0.124862
0.170316
0.140323
-0.104792
0.134163
0.00246935
-0.162578
-0.187731
-0.0261061
0.127157
0.136815
0.0108912
0.207114
0.0864272
0.190627
0.0587596
0.0296188
-0.0884056
-0.180333
0.0788374
-0.0954597
-0.0879231
0.137081
0.104876
-0.0575328
0.0253008
0.14493
-0.0778519
0.0857163
-0.0915136
-0.096864
-0.0587751
-0.0949704
0.196215
0.182263
0.0670063
0.0156793
0.125595
-0.132723
-0.0805798
0.19717
0.146597
-0.0255377
0.156469
-0.0279724
-0.172539
0.00528399
-0.0745665
-0.122309
0.0649105
0.0650489
-0.0157376
0.157608
0.106916
-0.0606724
0.00857731
-0.121198
-0.158898
0.0389688
-0.0174947
-0.099121
-0.178382
-0.0118974
0.149496
0.0264333
-0.0269347
0.0323157
0.107471
0.181301
-0.002353
-0.14753
0.100538
0.201122
0.0494299
0.291594
-0.109734
-0.0218313
-0.00660939
0.258174
-0.297288
-0.0937889
-0.0701615
0.0258365
0.286623
-0.221827
0.0760075
0.0105825
0.0269193
0.00867627
-0.113133
-0.0395215
-0.0989396
-0.203965
-0.135261
0.0691763
0.0940287
0.0895721
0.100216
0.147834
0.0237332
-0.0354548
-0.104664
0.143025
-0.0859821
-0.155787
-0.119654
0.106265
0.107535
-0.242804
-0.107934
0.14187
-0.264991
0.0606818
0.128445
0.124955
0.0645569
0.179288
0.0770097
