128
0.0229283
0.579103
0.989893
0.67972
0.332241
0.940167
0.996787
0.216676
0.216684
0.654368
0.259445
0.786476
0.467251
0.778702
0.124825
0.574427
0.206092
0.767518
0.50164
0.345403
0.542844
0.149469
0.387155
0.835319
0.742679
0.675749
0.963014
0.635195
0.853171
0.361606
0.690181
0.686737
0.399932
0.640971
0.074966
0.911744
0.456806
0.965037
0.0104814
0.0392057
0.546555
0.807152
0.143488
0.716151
0.0102269
0.76098
0.389185
0.245592
0.0430418
0.859317
0.416049
0.622309
0.15433
0.977829
0.322853
0.594688
0.271407
0.848775
0.967956
0.920473
0.211964
0.516505
0.0101374
0.886832
0.0155387
0.745013
0.724455
0.933237
0.23421
0.407845
0.681745
0.890976
0.177164
0.537
0.204597
0.745701
0.251913
0.653238
0.304557
0.78884
0.672942
0.232507
0.937533
0.514151
0.0357885
0.222702
0.98515
0.141937
0.517688
0.432618
0.391127
0.957956
0.678675
0.987251
0.270714
0.4359
0.180937
0.724819
0.0597383
0.00111018
0.678391
0.935041
0.00138098
0.939623
0.106742
0.952613
0.817176
0.724956
0.237354
0.484531
0.649376
0.840042
0.222462
0.361225
0.682744
0.651275
0.601065
0.530322
0.832835
0.815558
0.625354
0.122241
0.308357
0.637616
0.722565
0.711157
0.565642
0.136744
