128
0.789602
0.79589
0.56582
0.700231
0.589167
0.416824
0.274141
0.158268
0.252295
0.287422
0.245003
0.545689
0.999284
0.0671849
0.416322
0.130721
0.69654
0.217454
0.664007
0.476922
0.419893
0.0123548
0.278905
0.0875566
0.162476
0.578357
0.349377
0.199286
0.126855
0.892585
0.370097
0.114051
0.802238
0.129158
0.946728
0.106586
0.46822
0.584745
0.2202
0.23152
0.123342
0.188847
0.170158
0.552517
0.769883
0.94303
0.242043
0.00847825
0.726978
0.278862
0.483195
0.938762
0.723871
0.0218474
0.246003
0.0211761
0.567679
0.906696
0.862844
0.492114
0.128992
0.899711
0.301767
0.394047
0.252061
0.774579
0.240068
0.179599
0.029559
0.0917658
0.763981
0.849833
0.302346
0.167018
0.287293
0.393615
0.274542
0.678684
0.972006
0.133294
0.65419
0.600938
0.389229
0.376909
0.347307
0.270549
0.471314
0.710415
0.959517
0.752465
0.243013
0.195806
0.0798374
0.515815
0.32132
0.0306525
0.749848
0.523628
0.0207414
0.157533
0.103954
0.584608
0.268726
0.353135
0.128712
0.562668
0.503817
0.0202429
0.00860489
0.344419
0.223187
0.920687
0.358104
0.0446924
0.157409
0.28598
0.519956
0.507983
0.28843
0.83176
0.429113
0.702415
0.524285
0.84787
0.830586
0.140967
0.941588
0.460572
128
-0.643764
-1.75735
2.15329
-1.06537
0.794971
-0.126214
-0.389687
0.747249
-0.230207
0.0340097
-0.720434
2.54949
-0.653356
-1.57038
0.905921
0.60546
-0.333436
-0.388608
-0.527176
-0.562513
2.44252
0.623042
-0.395684
-2.09276
-0.162905
-0.404415
-0.719087
-0.717397
-1.26377
-0.455567
-0.986488
-0.831976
0.305974
-0.119384
-1.57469
-0.230912
-0.978555
-1.88172
-1.56546
1.06486
0.203426
1.399
0.416754
0.419187
-0.204071
1.22374
-3.16354
-0.350005
-0.199667
0.365208
-0.603317
-2.03293
-0.888564
0.435487
0.515849
-0.305534
1.32462
-0.203515
0.528204
-0.264068
0.596168
1.05651
-0.602335
-0.251305
0.497298
-1.21069
-0.169969
-0.0317311
0.985782
0.0922744
0.184267
-2.32939
0.0168625
-2.16577
1.61682
0.27032
0.256659
-2.13424
1.37346
0.243036
-0.49855
0.817042
-0.243337
-0.816291
1.42123
-1.13184
-0.31149
1.12504
-1.61178
1.20941
0.550237
0.94008
-1.00463
-0.827669
0.294872
0.687767
1.16584
-1.80579
-2.49644
1.18634
0.151162
0.298011
-1.34223
0.74766
-0.404465
1.19992
0.500358
-0.130342
-0.73061
0.37938
0.478789
0.302256
0.0401901
0.502071
0.591003
0.665098
1.5919
-1.54175
1.61758
1.04533
-0.740965
0.37923
-0.0489867
-1.19915
-0.600203
-1.45749
-1.52486
1.46684
128
-0.699192
2.46038
-0.569923
0.48819
0.574
0.230536
-0.346741
-1.59485
1.7147
0.639543
0.542051
-1.28424
1.04881
-1.83519
-1.75967
-2.15408
-0.506485
1.93485
0.466033
-0.369108
0.768918
-0.157138
-1.24804
-0.168496
1.20377
-0.364882
-0.707059
-0.93207
-0.226084
-0.952935
1.44268
-0.420317
2.06872
0.0330352
-1.79736
0.145678
-0.852671
-0.421395
-0.0675534
-0.796736
1.79794
0.663782
0.468091
-1.08292
0.117278
-0.703743
0.553656
-0.033477
0.336218
0.424416
0.783763
-0.169676
-0.161433
-0.0539792
-0.992737
0.789456
-1.3534
0.666191
1.97197
-0.981622
-1.88906
-0.953192
0.225193
1.01497
2.03884
-0.38262
-0.0723325
-0.544671
0.890045
0.0837069
-0.722534
-0.773381
1.43809
-0.435222
0.141058
-2.51085
0.481859
-0.35009
0.645069
0.206526
0.170563
0.187739
1.29013
-0.11913
0.731704
2.45011
0.683529
0.571579
-0.120368
0.258611
0.270267
-1.22901
0.0839435
0.452012
1.39849
-0.729478
0.00398883
0.709224
2.25203
-0.344335
0.817397
-0.0496127
-0.145476
0.30037
0.316798
0.0585164
-1.09026
0.776088
0.0135853
0.713967
0.595317
-1.42276
-1.12933
0.510273
1.5711
1.09148
0.143708
1.10598
-0.0995781
0.432528
0.950561
-1.18944
0.638981
-0.526799
0.160696
2.42806
0.300192
-0.259413
