64
-0.165716
0.0765645
0.0545915
-0.0203048
-0.143494
0.152223
0.0909293
0.239048
0.141712
-0.0401002
0.0366517
0.0183665
-0.0217086
0.129933
-0.205638
-0.188072
0.178519
0.0847732
-0.0955991
0.0637548
0.0892065
-0.260578
-0.0829086
0.208356
-0.051944
0.0211652
-0.0142401
0.102389
-0.320519
-0.0414771
0.269571
0.0597174
0.359919
0.16662
-0.0534298
-0.10664
-0.00947704
0.0158803
0.0437739
0.0596216
0.0237124
0.13669
0.06204
-0.101339
0.00859113
0.0364836
-0.16545
0.00811141
0.100514
-0.0966624
-0.0230926
0.0790843
0.21028
0.0269593
-0.279178
0.0938198
-0.0818242
-0.199616
-0.121384
-0.116802
0.0878624
-0.0816471
-0.0912311
0.0751552
