32
0.706377
0.646834
0.548259
0.487136
0.521821
0.419656
0.132154
0.854132
0.45634
0.915247
0.808495
0.308123
0.105517
0.161711
0.412316
0.944746
0.405807
0.269204
0.352299
0.369783
0.0626096
0.0175796
0.436791
0.906131
0.0602797
0.0865713
0.966987
0.0707847
0.612144
0.160351
0.753226
0.733791
32
0.601347
0.950047
0.976572
0.497092
0.985179
0.383678
0.904527
0.391788
0.0318659
0.50603
0.856463
0.620306
0.674589
0.214656
0.84731
0.88032
0.633185
0.857034
0.612197
0.878958
0.616253
0.475432
0.33458
0.762607
0.550994
0.647453
0.42574
0.306819
0.715231
0.0330066
0.925632
0.461283
32
0.363875
0.356492
0.633126
0.374034
0.036783
0.0869062
0.415281
0.785389
0.151383
0.894192
0.124586
0.0166497
0.399285
0.628991
0.206434
0.0399591
0.212731
0.462701
0.814383
0.407039
0.764461
0.961799
0.279035
0.918389
0.699952
0.93152
0.75446
0.403398
0.0146818
0.0393854
0.479794
0.584703
