128
0.0243955
-0.142874
0.015301
-0.162168
-0.09573
0.0202318
0.14788
-0.0838127
-0.0558609
-0.0620774
0.0128842
-0.00357685
0.25191
0.0824985
-0.0846404
0.0574933
-0.0442397
-0.0968817
0.0698591
-0.173033
-0.0765386
0.213593
-0.122043
0.0193873
0.068344
0.122712
0.0983018
0.0935546
0.142721
0.127795
-0.152553
-0.055697
-0.096414
0.0831135
0.183655
0.0696956
0.013793
-0.0604253
-0.0131614
-0.0853665
0.136257
0.070051
0.0559996
0.169859
0.0205299
0.116525
-0.0207967
0.0428521
-0.137338
0.0143374
-0.233432
-0.118232
0.186342
0.155899
-0.178971
0.0441877
0.120538
-0.0215898
0.11867
0.0153041
0.0532073
0.00335061
0.080273
0.123214
0.0515768
-0.146242
-0.195514
-0.11931
-0.140009
-0.0205717
-0.0307831
-0.134853
0.256992
-0.0527425
0.0644659
0.0328571
-0.0546383
-0.0198283
0.204382
0.115638
-0.0871939
-0.136538
0.0218371
-0.06671
0.0286753
0.0532771
0.0354971
0.0689
-0.133391
-0.0599457
0.0387409
0.0190688
0.123388
0.0341231
0.0253117
-0.0958834
0.0394463
-0.0771285
-0.00672678
0.0766993
-0.141557
0.0189215
-0.01601
0.137713
-0.171774
0.0990609
0.137216
0.179057
0.0331092
-0.280589
0.171008
0.0811066
-0.129221
0.0933456
-0.0516342
-0.0731572
0.0075709
-0.0562781
-0.182342
-0.186583
0.166476
-0.0967367
0.119115
0.0288724
-0.161359
-0.200138
-0.00762153
0.138441
