128
-0.119255
-0.00770121
-0.0244089
-0.102989
-0.291493
-0.0192098
0.0639187
0.128051
0.107547
0.135172
0.0210141
-0.170787
0.0307274
-0.0145278
0.0299998
0.0630308
-0.00811822
-0.0840891
0.0563944
-0.124712
-0.0439437
-0.00953072
-0.0222645
0.08712
-0.103699
0.128709
-0.0924312
0.0687679
0.15574
0.0363099
-0.118201
0.130696
0.0609639
-0.0202857
-0.0247137
0.256695
0.140379
0.0218083
0.0506887
-0.109351
0.112084
0.0611323
0.0136655
-0.0489636
0.029034
-0.0584049
0.147526
0.0282797
-0.160008
-0.0938533
-0.01825
-0.051227
0.053143
0.0716598
0.144519
-0.14117
-0.0259463
-0.0609695
0.23468
0.0135064
0.300854
0.0576876
0.0348826
0.0198148
-0.137597
0.0950241
0.110109
0.0498708
-0.107334
0.0306099
-0.0105389
-0.0630252
-0.046776
-0.0823709
0.0517259
-0.0704869
-0.0769827
0.207602
0.130262
0.0096998
0.0248593
-0.00385922
-0.017661
0.291462
-0.123626
-0.16164
-0.0385765
-0.0101164
-0.0918371
0.00243671
0.065254
0.0699732
0.260762
0.111647
-0.103731
-0.104217
0.258819
-0.0589132
-0.0826318
-0.214185
-0.151083
-0.083939
-0.000389067
0.0932745
0.078671
-0.0377796
0.00118793
-0.130835
0.171834
-0.0286639
-0.155989
0.123724
0.0955119
-0.132281
0.0418045
-0.0842166
-0.0664381
-0.0234335
0.135606
-0.0423968
0.0359628
0.0291206
0.188195
0.043702
-0.0445309
0.00849345
0.11481
0.115511
