128
0.914835
0.119512
0.330124
0.867633
0.627148
0.245576
0.313099
0.538927
0.432866
0.0862756
0.330666
0.155479
0.136749
0.333141
0.883673
0.0116186
0.162953
0.140192
0.816755
0.41502
0.60508
0.472103
0.0805133
0.0130567
0.649659
0.811695
0.191461
0.728068
0.425965
0.565432
0.704279
0.638312
0.57422
0.989542
0.597964
0.837213
0.356038
0.35443
0.546258
0.257467
0.539569
0.769786
0.220794
0.671576
0.566755
0.283229
0.758945
0.312613
0.464655
0.339498
0.447487
0.256974
0.99166
0.0749287
0.71552
0.303374
0.89648
0.775303
0.877748
0.923125
0.109382
0.206874
0.52743
0.1646
0.379146
0.934105
0.849117
0.783486
0.906152
0.0260999
0.147192
0.272042
0.810884
0.0168919
0.812495
0.804233
0.344484
0.0769157
0.817777
0.177594
0.924033
0.153406
0.66927
0.091467
0.564315
0.456265
0.608882
0.952894
0.217405
0.545025
0.577278
0.642192
0.813448
0.492115
0.419004
0.60977
0.416159
0.810851
0.030902
0.485532
0.829352
0.888173
0.863891
0.00584412
0.0921255
0.784148
0.6354
0.201195
0.497068
0.0606062
0.480159
0.0294078
0.645626
0.160139
0.824547
0.902039
0.253359
0.48298
0.898822
0.110075
0.01435
0.474489
0.270744
0.29375
0.139149
0.00227334
0.0336782
0.810353
128
0.581102
-1.30178
-0.362531
0.731059
-1.65751
-0.923142
0.13594
-0.0315425
-0.183311
-1.1883
-0.411324
0.091515
1.13749
0.502158
-0.557037
0.417484
1.5248
-0.236119
2.7113
-1.50782
-1.22037
0.777243
-1.75218
0.102166
0.794263
1.3891
2.6021
0.0284097
-0.774713
1.22881
-0.795509
-1.09621
0.540572
0.403504
-0.325428
-0.340953
1.9651
-0.962325
1.16629
-0.46576
-2.27139
1.6796
-1.1342
0.260184
0.177012
0.287566
0.204209
0.361388
0.295225
0.0806994
-0.459079
0.13382
0.380142
1.14051
0.438085
-1.34881
-0.124875
0.787767
0.463996
-1.57522
0.344723
-2.25919
-1.57682
-1.46923
-2.45657
-0.947062
0.929708
0.535961
-1.38709
-1.30162
0.457227
-0.812468
-0.335819
-1.19682
0.875124
-0.394897
0.71176
0.73174
-0.373282
-1.57187
-0.423137
1.60732
0.542263
0.189798
1.91485
0.50593
0.266427
2.07738
0.390783
0.846349
-1.74674
1.34604
-1.21114
-0.253815
0.748642
1.55819
-0.45517
-1.59763
-0.391413
-1.61388
0.0974763
-1.51976
0.305481
0.523145
-0.0503178
0.529298
-0.711026
-1.09765
-0.947663
-0.303224
-1.57203
-1.23352
0.849825
-2.15553
1.38131
1.90484
0.996665
-1.82144
1.23327
0.280826
1.67447
-0.471063
-1.45665
-0.312775
-0.810905
-1.37503
0.598594
-1.02659
128
1.16277
-0.204141
-0.083742
-0.189685
-1.344
1.33485
0.0664822
-0.828405
1.27205
0.930944
1.27875
1.14594
0.411971
-1.14247
0.25876
-0.787728
0.112725
1.26158
0.37996
0.426793
-0.953872
0.528132
-0.521225
-0.0151436
-0.307887
-1.56459
-0.299775
-2.15638
0.22806
-1.10899
-2.8564
0.282194
0.344849
-1.24874
0.63602
0.454392
-0.452977
0.800323
0.42287
0.955306
0.715351
-1.78329
-0.770619
0.0175151
-1.49887
-0.73178
-2.48804
-0.0994652
0.457704
-1.27423
0.40525
0.130903
1.06949
1.18864
-0.062339
0.0268444
-1.02825
-0.0445616
1.38572
-1.05132
0.185212
-1.60723
-0.369603
-0.191364
-0.00394005
2.13354
0.114174
0.507487
-0.0707001
-2.07501
-3.23563
0.189728
1.02261
-0.394604
-1.00878
0.47828
0.0336112
0.592797
0.410236
-0.0158912
-0.435502
0.341227
0.309907
0.194414
0.388115
0.71493
-0.176085
0.526779
-1.01523
0.940831
1.23822
0.477177
0.588947
-0.919347
-0.440761
-0.745817
0.665362
2.02963
-1.30297
1.75976
-0.441501
-0.0282779
1.17552
0.507643
-2.05666
1.08731
2.38986
0.309171
1.20615
1.00255
-1.71218
-0.753959
-0.614681
1.5633
-0.394463
1.98732
-0.200741
-0.51537
0.0994398
1.26176
-1.76025
-0.301132
-0.499323
-1.74883
0.803546
0.08992
-0.726849
0.566083
