128
-0.143713
0.00630421
0.110516
0.228078
0.189166
-0.00757853
-0.024577
-0.171653
0.0252577
0.00499363
0.176857
0.160254
-0.0067025
-0.169484
-0.0838516
0.0619633
0.246218
0.131812
-0.134746
-0.0113694
0.17804
0.0903948
-0.0154638
0.0676203
-0.044783
0.00200741
0.130213
-0.280368
-0.0855991
0.0700705
0.0340755
-0.202572
0.151545
-0.139716
-0.138237
-0.0929864
-0.17216
-0.0957724
-0.00529683
0.189759
0.0115686
-0.0246369
-0.0977295
0.0517611
0.0365674
-0.16546
-0.0161765
0.0920814
0.241045
-0.345735
-0.10082
0.0679871
0.00650121
-0.128978
0.115954
0.0844891
0.279756
-0.0285946
-0.0766159
0.0135487
0.12269
-0.0470798
-0.0569147
0.114184
0.278694
-0.15082
0.0818203
0.15112
0.0230687
0.136054
0.0370374
0.0285191
0.0266991
0.102103
0.0825842
0.00816532
0.0203331
-0.164983
-0.120074
-0.151939
0.181859
-0.0776237
0.0743494
-0.0903624
0.0592077
0.234275
-0.0920353
0.0142605
0.175136
-0.112319
-0.00653677
-0.0454922
-0.258671
-0.213855
-0.0399697
0.0877219
-0.0532661
0.00687165
-0.00972431
0.165691
0.148331
-0.0879473
-0.114677
-0.0750058
-0.0906042
0.0637205
-0.112932
0.0171881
-0.0517693
-0.0942561
0.0164698
0.113872
0.101154
-0.00230984
0.201666
-0.095907
0.00804561
-0.0480491
0.102422
0.107285
0.00616518
0.0730932
0.15336
-0.120299
0.0952472
-0.165698
0.231284
-0.060127
