128
0.526257
0.289976
0.790344
0.932244
0.294024
0.15648
0.933108
0.11647
0.908535
0.781068
0.183967
0.904702
0.41539
0.0350069
0.222494
0.991147
0.0255078
0.0397578
0.742451
0.915329
0.514795
0.173456
0.176348
0.737562
0.385381
0.720106
0.13656
0.938767
0.647407
0.350416
0.062163
0.456472
0.650902
0.504315
0.438185
0.249532
0.742942
0.335978
0.839863
0.675959
0.385204
0.174814
0.0981463
0.257048
0.756817
0.733997
0.724943
0.410514
0.515437
0.185024
0.962061
0.819226
0.305972
0.10326
0.633141
0.356183
0.946594
0.415797
0.215742
0.849856
0.812444
0.814475
0.128015
0.824514
0.988186
0.195919
0.843089
0.660947
0.801012
0.563643
0.0816173
0.862122
0.246508
0.557275
0.452901
0.0334551
0.589726
0.383656
0.939322
0.253711
0.959525
0.378018
0.460308
0.208648
0.845043
0.758137
0.3475
0.377492
0.584214
0.11025
0.830074
0.469345
0.166932
0.543725
0.226943
0.235568
0.30053
0.294657
0.0246091
0.349911
0.106363
0.0753581
0.403607
0.846907
0.0595776
0.323437
0.822686
0.472408
0.972233
0.343477
0.312227
0.408629
0.477132
0.015918
0.297942
0.449448
0.921624
0.7239
0.0900636
0.43402
0.307199
0.409095
0.335613
0.691
0.704909
0.472488
0.192068
0.838238
