128
0.870954
0.611698
0.858101
0.319521
0.735191
0.538446
0.48736
0.933229
0.745261
0.45353
0.634252
0.989637
0.586993
0.24636
0.266039
0.883931
0.775708
0.16964
0.476016
0.470944
0.130259
0.306784
0.917559
0.499859
0.940681
0.825342
0.583835
0.737353
0.36865
0.876748
0.57434
0.606742
0.771855
0.557861
0.361981
0.21453
0.601849
1.00032
0.837891
0.977001
0.255149
0.320661
0.693742
0.0566008
0.709809
0.762463
0.335232
0.0503954
0.614873
0.968351
0.9773
0.106196
0.484578
0.00300879
0.553371
0.540308
0.808576
0.823255
0.325493
0.487425
0.973412
0.943724
0.475274
0.543083
0.374128
0.4609
0.876522
0.404273
0.0906225
0.302967
0.874626
0.661702
0.318624
0.610094
0.331793
0.416017
0.739415
0.861971
0.19036
0.651979
0.165017
0.58201
0.0868791
0.0729385
0.277755
0.693083
0.818421
0.664033
0.0406273
0.552396
0.505022
0.98479
0.469363
0.650778
0.301959
0.871484
0.87767
0.283118
0.800155
0.816834
0.107869
0.622209
0.0275108
0.629901
0.537559
0.569064
0.518952
0.971491
0.88446
0.144528
0.303023
0.186697
0.0231192
0.887388
0.603307
0.669881
0.688727
0.371802
0.639373
0.636479
0.340946
0.414295
0.0969748
0.489705
0.867009
0.376349
0.839397
0.54481
