128
0.171535
0.0837053
0.473013
0.689856
0.983298
0.913311
0.476826
0.496057
0.481829
0.392944
0.149581
0.325465
0.065066
0.229015
0.647329
0.438778
0.899607
0.515389
0.402472
0.27831
0.89102
0.68097
0.0504746
0.407157
0.888267
0.0411591
0.499659
0.0866486
0.993526
0.37594
0.704855
0.386629
0.176602
0.554961
0.954317
0.140473
0.575264
0.580854
0.793146
0.0271421
0.329792
0.34939
0.241612
0.629016
0.808278
0.199932
0.732724
0.855262
0.704889
0.753352
0.0807069
0.531904
0.491347
0.403712
0.65691
0.888853
0.700302
0.69513
0.0420348
0.0980387
0.296096
0.201389
0.641071
0.886273
0.0397675
0.187456
0.779076
0.829896
0.0936499
0.96826
0.376756
0.726479
0.816109
0.503767
0.431155
0.380952
0.221216
0.543032
0.573623
0.101151
0.547146
0.894068
0.624598
0.29102
0.790737
0.781176
0.751657
0.431423
0.122073
0.656458
0.250344
0.276397
0.586214
0.960273
0.852897
0.551956
0.294939
0.33191
0.335411
0.893801
0.783348
0.298732
0.516597
0.832201
0.180843
0.936102
0.596712
0.820538
0.987635
0.118069
0.625524
0.329249
0.0192412
0.572756
0.113365
0.874032
0.411597
0.094205
0.361571
0.938206
0.149505
0.371438
0.731021
0.440579
0.259524
0.878328
0.528698
0.486785
