128
0.128358
0.183776
0.741647
0.851535
0.146922
0.650584
0.199941
0.449251
0.00144324
0.730287
0.290948
0.0366575
0.20991
0.0288831
0.708244
0.76387
0.463112
0.657754
0.818756
0.764799
0.0993106
0.321955
0.373659
0.873844
0.198459
0.23559
0.193772
0.151381
0.121929
0.0587672
0.728737
0.932327
0.590257
0.402562
0.0637308
0.951176
0.714454
0.876383
0.0406719
0.634877
0.739083
0.091654
0.233543
0.153771
0.974304
0.160484
0.0491401
0.896349
0.621632
0.174062
0.413171
0.639165
0.181798
0.349958
0.369917
0.201915
0.0677476
0.839959
0.24046
0.495518
0.873313
0.620361
0.517731
0.670885
0.0851199
0.665947
0.541356
0.1211
0.394992
0.754086
0.0809798
0.514932
0.536803
0.13957
0.808341
0.998788
0.138452
0.318813
0.117688
0.872678
0.393831
0.681929
0.0690769
0.475939
0.0615384
0.512679
0.223542
0.834233
0.252352
0.107556
0.518166
0.49689
0.806251
0.998448
0.142826
0.667395
0.276612
0.593794
0.0148368
0.0820919
0.585168
0.221503
0.858727
0.205333
0.549316
0.54808
0.450621
0.488185
0.549271
0.214977
0.699688
0.948305
0.37612
0.349002
0.570992
0.431213
0.295127
0.438405
0.672602
0.442785
0.146589
0.916925
0.092218
0.69361
0.163981
0.205779
0.861864
0.169529
128
-0.299032
0.124537
-1.52981
0.421589
2.19767
0.95086
-0.0796391
0.61675
0.0573671
-1.37578
-0.900608
0.456016
1.89099
0.844414
0.568958
-1.55703
-1.33801
-0.410414
0.64852
0.565842
-0.765581
0.310854
-0.717553
-0.142665
1.04788
0.723535
-0.565572
-1.52413
-1.24078
0.832713
0.091161
1.16496
-0.543953
-0.431858
0.280394
-0.119633
-1.2788
0.122052
1.05735
-0.670709
0.779483
2.27136
0.330696
-0.768385
-0.782463
0.18822
1.00028
0.907922
-0.646644
-0.345743
-0.148792
-0.560806
-1.66213
-0.117894
-0.619808
0.604527
1.0814
-0.146616
-1.15208
-0.0645413
-1.15006
-0.923698
-2.09952
1.13034
-0.434756
0.329383
-1.05937
-1.86589
-1.08331
1.17394
1.31298
0.226234
-2.62092
-2.7193
0.809447
-0.986627
0.827834
1.02307
0.35125
0.228697
0.0112635
-1.36087
-1.28913
0.262804
2.08151
-1.24832
-0.23923
-0.238182
1.07863
-0.361982
-0.53768
-2.75346
0.29799
-1.48836
-2.41515
0.20051
-0.0544269
-0.0325438
2.35713
0.534415
-1.35235
0.787326
-1.64345
-0.0272871
-0.264253
0.12585
0.849447
-0.157423
0.295391
-1.68296
-0.540592
0.497243
-1.90251
-1.65931
0.430375
1.64226
1.31838
-0.191504
-1.00839
0.299951
0.450031
-0.538274
0.635902
0.457273
2.02573
2.06952
-0.59828
-0.300714
128
0.0264425
1.16439
-0.379395
0.34588
-0.140892
-0.277283
-0.71256
-0.0437015
-0.882752
-0.62383
-1.98922
-1.17595
0.588481
-0.888374
-1.40715
0.468713
1.10521
0.372638
-0.459089
-0.269515
-0.731217
0.281528
-0.311018
0.846354
0.622099
-0.0771785
-0.528243
0.0411723
1.13925
-1.28427
-1.47296
-2.02938
-1.40539
-0.411434
1.13872
1.76619
1.08839
-1.39506
-1.78653
0.0765123
0.0502108
0.345329
0.0932573
-0.646028
-0.309035
0.270648
-0.00466209
1.64548
1.2976
-0.394278
-0.758486
0.155817
1.10398
1.48314
-0.428573
1.60513
-0.117739
-1.1255
-0.0715364
0.866566
1.12032
-0.00423039
1.44049
-0.378135
0.586661
0.910504
0.808755
0.411025
1.1446
0.692433
-1.74781
-0.463708
-1.02499
1.2465
0.582537
-0.846747
-2.25211
0.620316
-0.478153
-0.649221
-1.88603
-0.333044
1.46642
0.373779
0.888895
0.0679429
0.794764
1.21432
1.23716
0.507869
1.42128
0.0792281
0.82544
-2.5447
-1.27617
0.808684
-1.16726
-1.44111
-0.225718
-0.397613
0.80316
0.633101
1.69854
-0.168818
0.64273
-0.740404
-1.25306
-0.269375
2.17008
0.704266
-0.205213
-0.0492366
0.865897
-0.703817
-0.633865
0.74372
-0.225315
1.4929
0.838832
1.03892
-1.92676
-1.35747
-0.256355
0.505729
-0.544997
-0.499015
-1.28716
-0.939754
