9, 9, 3, 32
0.328629
0.967629
0.937975
0.932889
0.300603
0.67188
0.922186
0.0770306
0.860749
0.378653
0.1319
0.544068
0.592199
0.72589
0.914009
0.290338
0.0367835
0.537827
0.877901
0.8387
0.846016
0.455908
0.0374888
0.785345
0.437469
0.506391
0.707696
0.081136
0.4169
0.882437
0.211771
0.0155708
0.890658
0.792633
0.824313
0.501988
0.357713
0.459007
0.584632
0.0153517
0.397927
0.558934
0.138138
0.524164
0.827736
0.673661
0.279176
0.434247
0.745167
0.881927
0.737936
0.510201
0.603727
0.576967
0.472231
0.296942
0.444018
0.588666
0.741113
0.784522
0.934248
0.203637
0.291075
0.646738
0.351391
0.812454
0.891611
0.769368
0.315199
0.755577
0.906992
0.818264
0.504029
0.879238
1.002
0.729449
0.437067
0.594501
0.965604
0.322537
0.329661
0.828412
0.551615
0.299157
0.14484
0.116404
0.465783
0.952286
0.98097
0.17123
0.69987
0.601678
0.0775285
0.537349
0.891472
0.0960131
0.553344
0.406053
0.563544
0.984206
0.0315402
0.794381
0.985565
0.612312
0.615606
0.585938
0.235647
0.252078
0.390057
0.521581
0.0774091
0.750774
0.886442
0.184216
0.548776
0.0921019
0.967422
0.695681
0.793828
0.681552
0.431274
0.823617
0.89703
0.158124
0.336233
0.287183
0.549746
0.919796
0.897583
0.912363
0.446352
0.726395
0.117935
0.971899
0.334863
0.541096
0.470273
0.5577
0.657921
0.758024
0.616932
0.672684
0.407096
0.584857
0.513346
0.909095
0.996361
0.235551
0.208683
0.751906
0.735924
0.558064
0.435286
0.54649
0.18717
0.89896
0.848763
0.631194
0.139484
0.658685
0.448216
0.595499
0.866854
0.488136
0.0910564
0.913367
0.0997243
0.557861
0.57265
0.535586
0.642279
0.287393
0.27009
0.4435
0.20249
0.872693
0.0244387
0.139411
0.21278
0.479002
0.335466
0.463417
0.555291
0.261126
0.838685
0.151026
0.0732388
0.950207
0.450775
0.718994
0.0533216
0.0887733
0.975921
0.326758
0.174057
0.309714
0.459859
0.60237
0.857796
0.604343
0.424544
0.991692
0.0164436
0.654518
0.131838
0.997615
0.286921
0.399714
0.805345
0.874414
0.0618361
0.263205
0.130696
0.93102
0.431054
0.925093
0.173534
0.75872
0.00288101
0.0694552
0.547875
0.386004
0.301968
0.485239
0.538493
0.604249
0.231603
0.0781534
0.0920913
0.235277
0.84481
0.295973
0.71743
0.872296
0.174382
0.527804
0.45078
0.921612
0.12962
0.00420487
0.161408
0.779048
0.40479
0.956784
0.808027
0.287703
0.808206
0.747673
0.865523
0.577042
0.43367
0.685419
0.391155
0.334288
0.604619
0.538211
0.955324
0.195606
0.713942
0.0454249
0.0081695
0.61035
0.362528
0.0504519
0.789558
0.311842
0.846394
0.572974
0.008344
0.485171
0.463919
0.154776
0.311258
0.276392
0.717735
0.857645
0.382894
0.877203
0.00734542
0.66804
0.460125
0.282776
0.542064
0.547675
0.0321017
0.22248
0.724854
0.880038
0.567194
0.532163
0.936399
0.952235
0.223744
0.030142
0.823674
0.927135
0.573158
0.629585
0.609659
0.142216
0.457848
0.433499
0.052162
0.130688
0.642631
0.761846
0.608971
0.628611
0.293586
0.461444
0.825696
0.608279
0.207983
0.7665
0.226058
0.914938
0.502623
0.688762
0.915446
0.882999
0.426067
0.267642
0.320765
0.843723
0.756003
0.165487
0.343667
0.85482
0.0955267
0.574441
0.0991816
0.81302
0.491298
0.959735
0.505891
0.0512646
0.080971
0.484307
0.908355
0.238751
0.618817
0.615725
0.959023
0.902414
0.230489
0.90237
0.904776
0.50444
0.601305
0.232407
0.735112
0.891969
0.670253
0.453224
0.960765
0.80782
0.727301
0.17048
0.56633
0.0551035
0.554533
0.908692
0.877921
0.95249
0.733395
0.134494
0.724063
0.750234
0.504186
0.0196389
0.787309
0.305515
0.169184
0.827688
0.715966
0.666001
0.659214
0.537703
0.11554
0.304069
0.469601
0.94669
0.49144
0.367301
0.801069
0.360607
0.101399
0.749086
0.470401
0.908529
0.333466
0.665117
0.774799
0.0309443
0.650615
0.221208
0.928968
0.814524
0.662706
0.1665
0.965891
0.589597
0.635397
0.744563
0.185281
0.55877
0.765792
0.393114
0.694312
0.0771145
0.946565
0.723856
0.519855
0.965298
0.864179
0.704748
0.29645
0.314355
0.0265034
0.926772
0.0934196
0.0175499
0.0462773
0.302621
0.160558
0.629561
0.735505
0.723843
0.878018
0.658687
0.636032
0.729061
0.905815
0.273616
0.523949
0.223176
0.80068
0.324494
0.549732
0.858799
0.449284
0.993123
0.28912
0.363973
0.818068
0.236236
0.336633
0.512147
0.0274997
0.0276663
0.735897
0.417307
0.299135
0.660894
0.722837
0.2311
0.149749
0.18631
0.676954
0.552831
0.811083
0.377554
0.527966
0.680292
0.330821
0.539409
0.169436
0.481431
0.189953
0.498206
0.0149723
0.790009
0.294379
0.662088
0.227853
0.672917
0.0197134
0.475534
0.236826
0.974383
0.991609
0.0337082
0.795164
0.181825
0.22052
0.61386
0.067872
0.177443
0.976
0.0463703
0.60876
0.541848
0.972577
-0.00114864
0.108977
0.0521255
0.866446
0.308544
0.992204
0.711777
0.718629
0.0548656
0.795268
0.473736
0.330861
0.184571
0.742959
0.160545
0.338702
0.0510481
0.508607
0.764663
0.666451
0.39525
0.899134
0.96819
0.496459
0.92795
0.107335
0.0423735
0.647422
0.689823
0.771615
0.332436
0.780555
0.493667
0.483373
0.240356
0.401298
0.930166
0.0325063
0.508928
0.408429
0.308865
0.765379
0.861532
0.157825
0.0660893
0.737316
0.128479
0.844034
0.0578186
0.10581
0.187425
0.448587
0.348591
0.635544
0.59346
0.997701
0.898925
0.869276
0.991541
0.850448
0.478747
0.937404
0.555193
0.458136
0.758755
0.0737415
0.875745
0.13654
0.00754493
0.284623
0.382138
0.63633
0.580192
0.321732
0.886609
0.96588
0.949835
0.545615
0.0849021
0.21647
0.0427206
0.999825
0.281795
0.201702
0.833467
0.883278
0.415574
0.813699
0.841691
0.811405
0.390938
0.11983
0.767464
0.256692
0.725137
0.1772
0.976059
0.474578
0.35638
0.708564
0.292084
0.683303
0.973368
0.0814507
0.397483
0.180999
0.10726
0.358948
0.412551
0.185703
0.93266
0.125098
0.0760409
0.548962
0.181978
0.0069455
0.320002
0.809034
0.992023
0.223037
0.939498
0.705737
0.576056
0.725014
0.217086
0.17174
0.689037
0.828827
0.439546
0.134808
0.204074
0.742709
0.0124723
0.681934
0.171454
0.950862
0.34035
0.177107
0.314358
0.410694
0.864849
0.45603
0.937628
0.775338
0.607934
0.840986
0.963343
0.889277
0.261375
0.197868
0.202911
0.643507
0.228193
0.720776
0.265123
0.906167
0.653704
0.561307
0.8584
0.813214
0.610629
0.124748
0.610071
0.601037
0.262976
0.578517
0.811834
0.193286
0.428518
0.909121
0.516685
0.447843
0.484301
0.373456
0.425479
0.0266016
0.627038
0.45627
0.712257
0.150527
0.329484
0.929921
0.714273
0.932593
0.594523
0.447558
0.768269
0.59637
0.499071
0.516789
0.157074
0.933222
0.92297
0.162107
0.454659
0.429711
0.172432
0.92178
0.174813
0.141102
0.592736
0.700635
0.389109
0.402388
0.661688
0.360305
0.430727
0.289564
0.88717
0.637106
0.957478
0.614774
0.455598
0.724485
0.0920987
0.721715
0.420937
0.950503
0.491688
0.6492
0.20092
0.933126
0.755065
0.810319
0.692126
0.37392
0.585282
0.437574
0.142831
0.585733
0.906595
0.571973
0.942273
0.236128
0.824191
0.0368017
0.170783
0.489641
0.257224
0.264499
0.015308
0.245625
0.370558
0.331272
0.797018
0.583599
0.48765
0.0909378
0.184394
0.276415
0.201281
0.308096
0.12447
0.317648
0.66517
0.0505139
0.0717443
0.30517
0.342008
1.00076
0.280131
0.0213236
0.139552
0.111838
0.868304
0.976381
0.789572
0.841404
0.64188
0.174101
0.288577
0.962831
0.428431
0.697906
0.915988
0.50629
0.157196
0.862093
0.617575
0.0633529
0.739274
0.0530851
0.407974
0.104403
-0.00057059
0.85113
0.0865227
0.883928
0.558931
0.598596
0.935974
0.776653
0.35609
0.980008
0.214996
0.973543
0.747668
0.801886
0.238099
0.931515
0.136955
0.427085
0.563275
0.978049
0.115084
0.345628
0.757623
0.243196
0.677966
0.978928
0.00137256
0.333726
0.707518
0.0428243
0.326263
0.450017
0.0301907
0.652785
0.57238
0.0894572
0.599882
0.817264
0.12928
0.586257
0.246919
0.90834
0.940005
0.702668
0.736986
0.35765
0.593357
0.544993
0.726024
0.768149
0.636432
0.450595
0.345523
0.078429
0.515159
0.133604
0.905159
0.0362817
0.14078
0.784891
0.289426
0.28432
0.610391
0.270134
0.476935
0.459688
0.62719
0.592562
0.552137
0.377893
0.0528252
0.684964
0.746677
0.316453
0.466649
0.507065
0.479867
0.146565
0.653558
0.340241
0.194609
0.563274
0.693935
0.965407
0.0574592
0.111478
0.589529
0.269484
0.309518
0.455617
0.902992
0.84577
0.00504158
0.378435
0.689588
0.966941
0.60089
0.881409
0.721572
0.74856
0.957184
0.425797
0.256334
0.274234
0.924864
0.276835
0.892925
0.969781
0.687908
0.221997
0.0194226
0.430002
0.875625
0.497641
0.142669
0.148741
0.269451
0.990431
0.597127
0.571967
0.151734
0.806259
0.712123
0.751637
0.587354
0.571386
0.979114
0.844499
0.368701
0.0993719
0.0324978
0.956372
0.169956
0.837703
0.421121
0.9681
0.0410682
0.847547
0.125662
0.649445
0.649988
0.577929
0.495238
0.982801
0.140959
0.633178
0.214617
0.557188
0.631085
0.71795
0.585524
0.777642
0.160749
0.824993
0.11207
0.5918
0.778923
0.140326
0.557935
0.254817
0.473169
0.0364071
0.465324
0.839831
0.160279
0.729291
0.786928
0.814089
0.579774
0.445079
0.730756
0.956163
0.0760124
0.0803397
0.925181
0.548512
0.0797691
0.391796
0.49366
0.0301073
0.89859
0.600949
0.316141
0.27242
0.549061
0.243897
0.223796
0.2074
0.683217
0.480028
0.187172
0.478898
0.495573
0.602812
0.138122
0.0758133
0.907265
0.348003
0.966773
0.542488
0.369405
0.237152
0.920812
0.491821
0.153085
0.580546
0.596769
0.0520046
0.441821
0.246604
0.226402
0.682037
0.411607
0.0770719
0.579161
0.805767
0.24856
0.764855
0.895642
0.831044
0.186251
0.125472
0.59363
0.235749
0.664696
0.658685
0.368224
0.310721
0.730344
0.665889
0.387807
0.595295
0.101323
0.199472
0.330614
0.70803
0.554303
0.658284
0.418298
0.602567
0.957076
0.482166
0.617597
0.364191
0.847285
0.989498
0.407169
0.708759
0.566311
0.0324987
0.502435
0.342073
0.170966
0.983105
0.161651
0.730319
0.367311
0.115713
0.18512
0.450865
0.310056
0.0972249
0.47356
0.7826
0.0857431
0.0679786
0.0267983
0.185642
0.387529
0.313521
0.506837
0.966853
0.980973
0.75955
0.743688
0.836982
0.315449
0.0151101
0.948935
0.312528
0.634022
0.409064
0.156492
0.644623
0.174334
0.406836
0.1464
0.25733
0.721778
0.956745
0.140507
0.176124
0.0532457
0.715284
0.747631
0.852743
0.600292
0.730928
0.181995
0.0609956
0.963071
0.737858
0.797227
0.896372
0.530612
0.878402
0.880374
0.986468
0.403954
0.031896
0.176403
0.916795
0.716406
0.976975
0.152651
0.24007
0.511715
0.788834
0.551413
0.380391
0.727949
0.762279
0.640598
0.653639
0.691854
0.836936
0.975932
0.970047
0.0692946
0.967629
0.321006
0.896132
0.0750332
0.5052
0.509796
0.0133015
0.413608
0.738395
0.890405
0.82777
0.309502
0.345571
0.811916
0.144148
0.352663
0.880959
0.901436
0.494155
0.53877
0.38646
0.103573
0.268659
0.801064
0.582588
0.662883
0.986231
0.939035
0.385251
0.0760963
0.324618
0.209091
0.920355
0.596766
0.115544
0.666694
0.316763
0.587196
0.997574
0.402367
0.909148
0.101488
0.201993
0.868757
0.0410232
0.930312
0.469013
0.159215
0.336586
0.0625694
0.801487
0.859899
0.183893
0.215319
0.893183
0.420569
0.117103
0.540098
0.456276
0.171463
0.193028
0.643502
0.324956
0.135809
0.985786
0.0577967
0.385684
0.856392
0.911068
0.691341
0.059071
0.729628
0.510382
0.546526
0.54747
0.0456393
0.556515
0.947264
0.840752
0.0298487
0.791838
0.949797
0.918206
0.387317
0.286861
0.609698
0.384465
0.402762
0.97331
0.748193
0.591224
0.952885
0.848506
0.986813
0.85337
0.20759
0.809133
0.237922
0.0170605
0.0124677
0.0750317
0.912618
0.680523
0.406379
0.41787
0.956904
0.577165
0.437527
0.712204
0.315005
0.945888
0.966459
0.967984
0.889159
0.97496
0.950954
0.20127
0.427617
0.32594
0.196606
0.597226
0.0582826
0.726777
0.175683
0.671666
0.284046
0.0328913
0.665434
0.997177
0.123665
0.718968
0.604791
0.779064
0.639756
0.29237
0.327252
0.342408
0.151934
0.922952
0.12035
0.536445
0.699895
0.769023
0.377657
0.824581
0.140122
0.418092
0.458342
0.171083
0.868267
0.963639
0.0463876
0.576258
0.754881
0.211917
0.438927
0.77548
0.333351
0.258597
0.870223
0.891671
0.30341
0.495537
0.620103
0.041567
0.332658
0.884184
0.638146
0.693597
0.145103
0.305555
0.627018
0.674788
0.122466
0.0965085
0.0748989
0.945581
0.246698
0.266736
0.778885
0.274924
0.141218
0.0661667
0.209906
0.499257
0.167452
0.411757
0.63391
0.36008
0.345825
0.635079
0.827241
0.978197
0.342844
0.345001
0.855627
0.787112
0.507931
0.743664
0.583765
0.646523
0.496591
0.981366
0.704045
0.584526
0.625252
0.712796
0.935282
0.891143
0.587535
0.567446
0.117004
0.900966
0.888861
0.300954
0.44143
0.657241
0.147218
0.250754
0.0766218
0.815787
0.765368
0.911688
0.0308391
0.792204
0.201943
0.0928662
0.965339
0.83328
0.155075
0.201646
0.878868
0.934406
0.214766
0.180227
0.0962163
0.0347429
0.238724
0.709441
0.141865
0.650144
0.630632
0.539819
0.778564
0.923355
0.983191
0.777162
0.574988
0.823842
0.401644
0.249392
0.577665
0.680602
0.532841
0.266817
0.234561
0.982885
0.793128
0.522723
0.35714
0.46911
0.527475
0.813317
0.596533
0.623558
0.983679
0.123062
0.17545
0.268995
0.605428
0.716683
0.586924
0.017511
0.31791
0.327905
0.896004
0.449387
0.39338
0.00969128
0.851834
0.453017
0.907138
0.567226
0.631718
0.981924
0.434384
0.0188629
0.238896
0.212294
0.64836
0.285187
0.613033
0.821348
0.904153
0.0171609
0.13232
0.146681
0.560141
0.341805
0.854317
0.77269
0.575519
0.00494771
0.798124
0.791582
0.289934
0.541412
0.189046
0.0817129
0.753356
0.180532
0.983464
0.82345
0.338053
0.706653
0.414394
0.662798
0.0541806
0.407191
0.212053
0.666592
0.707826
0.532003
0.070248
0.583619
0.1766
0.85713
0.715719
0.860156
0.386533
0.0135528
0.804194
0.651892
0.949721
0.0273287
0.60776
0.128855
0.958418
0.610236
0.515697
0.0274185
0.970583
0.969058
0.634772
0.0711624
0.111334
0.661775
0.802579
0.554057
0.513439
0.771198
0.585536
0.653975
0.191517
0.623668
0.671073
0.600249
0.436855
0.92155
0.172638
0.26176
0.554563
0.201861
0.208955
0.452623
0.513581
0.522717
0.516612
0.918055
0.83389
0.497394
0.137345
0.324523
0.521633
0.205136
0.865071
0.861533
0.0734014
0.213906
0.959375
0.0823024
-0.000105193
0.751748
0.0234319
0.012474
0.71356
0.163747
0.191606
0.49101
0.249063
0.363542
0.365887
0.647107
0.022773
0.469389
0.994437
0.150397
0.690183
0.74629
0.602692
0.507584
0.869763
0.350324
0.256343
0.604211
0.122209
0.844835
0.721424
0.137032
0.125406
0.78604
0.5205
0.144473
0.581437
0.498351
0.72076
0.718471
0.198255
0.76804
0.907633
0.241451
0.332341
0.359882
0.506234
0.519892
0.054078
0.0487026
0.342929
0.29937
0.545584
0.856745
0.353189
0.15993
0.945313
0.214201
0.62851
0.191507
0.0247652
0.893763
0.018869
0.470712
0.722311
0.702729
0.608998
0.729566
0.993199
0.443417
0.957409
0.0127056
0.191921
0.834744
0.446672
0.356188
0.791425
0.565582
0.841655
0.953387
0.665417
0.200746
0.291309
0.877859
0.366779
0.831101
0.691554
0.658759
0.923712
0.980341
0.119356
0.492642
0.660964
0.758658
0.53167
0.298281
0.298691
0.988381
0.292135
0.0672302
0.223577
0.274591
0.066829
0.0866771
0.714012
0.225002
0.035317
0.814826
0.0723195
0.58087
0.481876
0.873345
0.71824
0.968214
0.251311
0.786851
0.968613
0.018104
0.881305
0.435967
0.91329
0.148371
0.431817
0.19625
0.330969
0.375164
0.330847
0.188664
0.503792
0.817168
0.186761
0.816485
0.0658729
0.0946953
0.469865
0.831504
0.773891
0.0873465
0.418428
0.32866
0.493167
0.492149
0.987526
0.450601
0.0755279
0.870763
0.737273
0.915434
0.698898
0.452525
0.664809
0.241326
0.456256
0.121211
0.0345026
0.559089
0.812948
0.789657
0.631936
0.241233
0.823137
0.695376
0.750213
0.0187064
0.235967
0.259346
0.0110181
0.213192
0.25875
0.276231
0.780149
0.607743
0.756006
0.940881
0.0998477
0.0364131
0.59433
0.86868
0.249828
0.58082
0.526272
0.965912
0.324169
0.932392
0.549082
0.899751
0.761755
0.95526
0.515608
0.0425288
0.0277026
0.99302
0.147408
0.741335
0.454837
0.924769
0.49725
0.373328
0.667065
0.474068
0.428775
0.886545
0.380895
0.757405
0.961692
0.373469
0.588053
0.044845
0.0334123
0.346678
0.315924
0.692663
0.778965
0.238927
0.68882
0.0910541
0.0651571
0.0185717
0.510298
0.500419
0.272007
0.286804
0.829853
0.56223
0.960907
0.508435
0.780805
0.87355
0.724332
0.0170659
0.15165
0.0523059
0.59846
0.203703
0.698894
0.134151
0.377252
0.287335
0.131342
0.793407
0.694643
0.726087
0.0792558
0.102672
0.638958
0.108776
0.338048
0.0625095
0.204648
0.0595604
0.380851
0.347882
0.937617
0.247668
0.0782298
0.288502
0.297157
0.947238
0.76934
0.627533
0.769212
0.584686
0.451072
0.118919
0.0809492
0.0912766
0.0232249
0.388694
0.389784
0.279258
0.424836
0.982985
0.184194
0.504157
0.0556381
0.207629
0.885395
0.388504
0.225029
0.25032
0.0269838
0.92375
0.298158
0.213118
0.595121
0.271052
0.849465
0.512967
0.328785
0.895725
0.940508
0.0781127
0.252875
0.850442
0.79892
0.294954
0.151552
0.621273
0.755397
0.229743
0.268482
0.777229
0.57385
0.514204
0.174863
0.652887
0.321278
0.465652
0.691002
0.138151
0.664061
0.907277
0.956275
0.0868908
0.0544191
0.0224426
0.185368
0.824734
0.680236
0.290675
0.364494
0.721675
0.939588
0.202793
0.919676
0.275789
0.654893
0.767354
0.0326638
0.116296
0.141905
0.673116
0.589339
0.632072
0.576381
0.516813
0.202438
0.542677
0.996539
0.579461
0.245719
0.420536
0.822942
0.489688
0.733675
0.424991
0.182056
0.91082
0.753265
0.345837
0.948458
0.257399
0.260309
0.734717
0.971759
0.813273
0.634558
0.573378
0.435153
0.578715
0.889103
0.497967
0.956218
0.37207
0.878386
0.332856
0.115632
0.894242
0.365939
0.1464
0.610486
0.0101862
0.865693
0.744096
0.506009
0.176006
0.669339
0.916188
0.0490825
0.2318
0.600841
0.254943
0.566589
0.0879252
0.437732
0.0187541
0.197971
0.112069
0.157098
0.796278
0.42013
0.0952157
0.338933
0.882424
0.649128
0.0385897
0.339472
0.271886
0.216123
0.637204
0.66609
0.843698
1.00175
0.820626
0.0380415
0.0423702
0.989652
0.143739
0.427075
0.249964
0.380631
0.371697
0.283317
0.267702
0.791232
0.560676
0.612999
0.61025
0.572639
0.682454
0.159375
0.0611284
0.307861
0.385901
0.314658
0.786298
0.273242
0.676336
0.881809
0.0940473
0.127246
0.329444
0.616979
0.626104
0.413126
0.299512
0.70977
0.417535
0.305967
0.984399
0.0740337
0.51707
0.151603
0.444731
0.101104
0.0841392
0.878345
0.442703
0.494874
0.316355
0.974437
0.134788
0.0774013
0.457106
0.560041
0.0387737
0.401787
0.206572
0.65091
0.299979
0.887347
0.486884
0.476701
0.0855018
0.163709
0.769611
0.491489
0.688133
0.628974
0.267826
0.560614
0.253273
0.387267
0.0250195
0.451007
0.952923
0.111805
0.814334
0.0947281
0.235122
0.905453
0.171493
0.206486
0.711281
0.398442
0.37603
0.24505
0.0944803
0.0611626
0.636351
0.180281
0.900065
0.366043
0.0507329
0.517447
0.0863902
0.149865
0.647476
0.282806
0.581068
0.0642347
0.372045
0.977581
0.378985
0.716864
0.60128
0.945612
0.63765
0.357703
0.734558
0.50406
0.290572
0.545128
0.351326
0.498202
0.181443
0.895029
0.40931
0.949116
0.904327
0.299863
0.180398
1.00088
0.228561
0.46516
0.224839
0.115874
0.223494
0.670775
0.0253256
0.727443
0.0228783
0.59483
0.235945
0.946014
0.143999
0.285676
0.256324
0.629887
0.23341
0.892139
0.958925
0.303361
0.661478
0.82221
0.610352
0.96743
0.270929
0.945714
0.80816
0.975602
0.519921
0.236754
0.933611
0.838007
0.601331
0.519066
0.600846
0.475345
0.0134175
0.77187
0.186456
0.27292
0.385705
0.0786475
0.448737
0.612931
0.36641
0.500566
0.471137
0.209252
0.0783153
0.970869
0.414689
0.813311
0.338444
0.724698
0.341998
0.316852
0.930079
0.188979
0.132163
0.269118
0.381274
0.547379
0.565902
0.677352
0.700071
0.879864
0.496798
0.65694
0.428862
0.765127
0.0698903
0.416901
0.607727
0.112684
0.764033
0.661753
0.849495
0.641069
0.384041
0.900725
0.25197
0.836332
0.171602
0.991095
0.0703649
0.234869
0.960052
0.877553
0.803351
0.0884472
0.796511
0.870413
0.651794
0.592787
0.770431
0.431099
0.921399
0.633468
0.0242567
0.411476
0.263824
0.838672
0.806051
0.941748
0.53709
0.523833
0.482963
0.105316
0.996251
0.619092
0.980241
0.228043
0.0459408
0.975673
0.918845
0.661083
0.98327
0.0330963
0.117428
0.953836
0.233431
0.237437
0.901276
0.381333
0.886791
0.721089
0.893959
0.965985
0.0533206
0.321639
0.38744
0.861563
0.95441
0.79803
0.195626
0.417903
0.557256
0.743746
0.882968
0.865486
0.813482
0.837497
0.0168039
0.104459
0.0142557
0.989146
0.116118
0.364307
0.281065
0.324279
0.285241
0.271492
0.606539
0.961745
0.276011
0.344297
0.317626
0.807941
0.172425
0.100797
0.722097
0.588803
0.876287
0.323211
0.414264
0.161698
0.470662
0.0930138
0.186643
0.544573
0.452154
0.612511
0.313091
0.658784
0.636128
0.943346
0.585419
0.30423
0.829064
0.594743
0.593347
0.00396743
0.848234
0.443109
0.0830383
0.00250105
0.727491
0.963059
0.925683
0.786255
0.215646
0.174911
0.959885
0.583601
0.940787
0.941003
0.0606544
0.280674
0.284334
0.579987
0.613757
0.669232
0.0906867
0.548366
0.795386
0.88788
0.127141
0.763184
0.0619114
0.381247
0.571155
0.516875
0.431262
0.191114
0.533021
0.337776
0.715044
0.126221
0.942656
0.660181
0.602214
0.00535326
0.865074
0.915986
0.173793
0.927587
0.0980262
0.236447
0.812935
0.353309
0.100344
0.207394
0.565078
0.563614
0.502068
0.381885
0.93769
0.82621
0.69087
0.736182
0.644186
0.392529
0.60884
0.473952
0.19028
0.239088
0.00682693
0.906856
0.642196
0.296035
0.369892
0.468952
0.515538
0.970256
0.274265
0.122059
0.834648
0.405348
0.453808
0.611152
0.975923
0.57638
0.422143
0.784541
0.494299
0.383379
0.440947
0.525127
0.333971
0.611274
0.31081
0.0575128
0.681808
0.331411
0.120882
0.774767
0.266561
0.818938
0.802053
0.110189
0.0644088
0.435153
0.023449
0.966866
0.895796
0.922997
0.574416
0.963061
0.849264
0.923511
0.888421
0.545084
0.465396
0.224306
0.555601
0.74757
0.635695
0.848033
0.0657653
0.268701
0.0202529
0.22498
0.779035
0.338397
0.561047
0.759154
0.227104
0.989611
0.955325
0.897423
0.632391
0.322349
0.966246
0.875822
0.598678
0.21817
0.440241
0.242232
0.711741
0.839988
0.151754
0.446163
0.137354
0.937183
0.294674
0.251933
0.538853
0.991844
0.32821
0.468293
0.179358
0.904622
0.488511
0.192564
0.944641
0.695287
0.748378
0.743699
0.133009
0.326909
0.76753
0.419406
0.228291
0.0303374
0.195815
0.351084
0.8092
0.191633
0.929143
0.615267
0.718691
0.406667
0.212123
0.376658
0.777438
0.841669
0.961047
0.913341
0.259514
0.737043
0.0344002
0.699098
0.164972
0.701889
0.230594
0.0951787
0.28333
0.90132
0.235603
0.908673
0.289369
0.894144
0.991436
0.82134
0.525819
0.829984
0.66789
0.0734624
0.874495
0.2854
0.443922
0.325505
0.749215
0.387574
0.061012
0.731734
0.410678
0.522201
0.829778
0.171236
0.16708
0.732911
0.165935
0.19023
0.0635869
0.057937
0.558343
0.21551
0.231545
0.0659222
0.661135
0.942099
0.991147
0.80718
0.853795
0.404211
0.117433
0.101798
0.391004
0.173292
0.388805
0.343366
0.937929
0.777968
0.92507
0.740177
0.369893
0.311916
0.582173
0.495922
0.784387
0.949882
0.365042
0.462476
0.303763
0.462997
0.74226
0.875039
0.560396
0.482428
0.545181
0.53613
0.0883213
0.343919
0.325118
0.856307
0.195133
0.384267
0.102016
0.40325
0.231882
0.609773
0.993544
0.220065
0.857014
0.291429
0.0345812
0.780527
0.820515
0.55425
0.962041
0.978146
0.513353
0.517168
0.229044
0.127286
0.216604
0.768154
0.196368
0.292768
0.364482
0.184126
0.157842
0.997562
0.322695
0.757873
0.650005
0.544999
0.449498
0.573899
0.751165
0.248767
0.555891
0.973677
0.945174
0.953699
0.269262
0.7819
0.279917
0.308907
0.970303
0.991536
0.543312
0.173071
0.966571
0.734881
0.311127
0.261726
0.659842
0.915347
0.611536
0.176846
0.534959
0.610718
0.538146
0.188593
0.906241
0.125977
0.769933
0.993042
0.803785
0.443633
0.349344
0.0211618
0.100431
0.394936
0.446853
0.208586
0.315272
0.171899
0.254718
0.143852
0.962712
0.338399
0.240297
0.854236
0.943875
0.354713
0.901598
0.409068
0.345814
0.96186
0.144106
0.388273
0.0995259
0.643103
0.548012
0.880772
0.993637
0.297565
0.191748
0.087907
0.490635
0.123795
0.395553
0.553851
0.982553
0.625323
0.963111
0.621028
0.339037
0.887172
0.0965047
0.229012
0.811992
0.293893
0.81731
0.716465
0.1387
0.321607
0.420974
0.819076
0.982524
0.639678
0.359188
0.881368
0.48027
0.308593
0.349671
0.546964
0.279589
0.835501
0.493164
0.979603
0.772028
0.161693
0.826342
0.878366
0.383891
0.798309
0.549716
0.772196
0.00747216
0.167638
0.337375
0.807487
0.584143
0.622828
0.862984
0.118129
0.631754
0.243937
0.771673
0.992361
0.235039
0.845298
0.880352
0.138046
0.319748
0.443461
0.928543
0.743642
0.0785431
0.499887
0.145591
0.393467
0.300749
0.54974
0.105883
0.986394
0.445365
0.778488
0.440493
0.517138
0.930767
0.913138
0.118272
0.633307
0.848634
0.329513
0.108496
0.292019
0.776617
0.621097
0.688937
0.200248
0.595734
0.779584
0.322332
0.539781
0.153214
0.551496
0.111578
0.77144
0.716633
0.408115
0.240539
0.826436
0.0371484
0.498758
0.902908
0.392108
0.295091
0.851352
0.75721
0.53298
0.00620609
0.456218
0.85975
0.849275
0.0371937
0.454718
0.170077
0.462367
0.184449
0.779726
0.0265583
0.0796775
0.421006
0.0624622
0.250416
0.671806
0.753374
0.673766
0.952111
0.643656
0.443417
0.0945624
0.283585
0.275854
0.620589
0.216159
0.204115
0.286125
0.549247
0.0700791
0.535691
0.937475
0.289008
0.573221
0.0407382
0.266903
0.927671
0.653752
0.470949
0.354174
0.193483
0.671134
0.544602
0.368841
0.966154
0.676751
0.576755
0.153062
0.901229
0.085072
0.810582
0.558887
0.648168
0.0981004
0.32259
0.621945
0.767695
0.497201
0.171421
0.988474
0.474819
0.0815858
0.471908
0.0723124
0.0728208
0.930965
0.136088
0.431956
0.347636
0.938064
0.364784
0.891852
0.468914
0.43107
0.688329
0.319624
0.542642
0.274595
0.758321
0.604921
0.313062
0.70775
0.637392
0.00278866
0.615678
0.0116563
0.718452
0.49705
0.275124
0.850572
0.0763118
0.583409
0.642198
0.465376
0.671697
0.339026
0.0362836
0.0104876
0.0133955
0.533034
0.695312
0.455548
0.0933886
0.938204
0.237328
0.0241207
0.315487
0.98437
0.740464
0.991888
0.439917
0.715923
0.567168
0.328763
0.661772
0.735201
0.408941
0.674426
0.0933899
0.500068
0.382569
0.197943
0.602717
0.681651
0.604844
0.084123
0.922272
0.0208792
0.782106
0.428229
0.428827
0.589927
0.97655
0.855296
0.992587
0.850606
0.533848
0.0201063
0.424893
0.607758
0.613578
0.369098
0.714588
0.0494762
0.619879
0.90273
0.736722
0.818368
0.319389
0.491159
0.304017
0.433989
0.33813
0.729247
0.409419
0.917473
0.0917349
0.978291
0.0760995
0.868406
0.935975
0.243159
0.838449
0.130074
0.257935
0.292597
0.221972
0.0403028
0.0474049
0.35276
0.520324
0.743955
0.940319
0.654676
0.583357
0.0180544
0.887996
0.642776
0.638878
0.945088
0.387458
0.91395
0.676786
0.108121
0.162131
0.215668
0.419644
0.235232
0.285849
0.408916
0.314944
0.639306
0.592263
0.760327
0.511672
0.667452
0.348619
0.742925
0.312577
0.0844024
0.740616
0.734623
0.861099
0.213503
0.265093
0.922935
0.184911
0.81832
0.312504
0.0466207
0.840741
0.848464
0.292661
0.187157
0.235041
0.725592
0.739323
0.816798
0.336456
0.784543
0.695457
0.980984
0.274006
0.17247
0.0545741
0.955061
0.962579
0.980392
0.294821
0.101344
0.653805
0.698369
0.935345
0.930574
0.612289
0.313372
0.58764
0.372673
0.948753
0.711108
0.480612
0.498553
0.521293
0.0660104
0.299711
0.566055
0.5704
0.420304
0.718368
0.0887531
0.852272
0.73271
0.310423
0.644052
0.927292
0.809338
0.131474
0.424417
0.516945
0.0384691
0.823304
0.698789
0.400368
0.621728
0.107159
0.554331
0.762204
0.942125
0.712464
0.311682
0.646914
0.72488
0.633579
0.672199
0.618488
0.449307
0.613456
0.218457
0.32556
0.921451
0.181642
0.627362
0.988148
0.346024
0.379747
0.956591
0.355895
0.369279
0.590069
0.664142
0.599522
0.655714
0.257818
0.265295
0.882858
0.389917
0.65386
0.297756
0.961913
0.860699
0.566499
0.201459
0.96839
0.88567
0.38807
0.96901
0.134832
0.421749
0.855352
0.082517
0.830912
0.53468
0.440963
0.34487
0.160043
0.597202
0.831886
0.573762
0.40161
0.438978
0.404515
0.127382
0.545029
0.0245995
0.422972
0.7172
0.0139065
0.116067
0.186034
0.978626
0.235962
0.742943
0.383785
0.412374
0.413137
0.255382
0.553428
0.83038
0.388758
0.496724
0.133563
0.172076
0.454217
0.481769
0.388557
0.519308
0.547661
0.357182
0.68547
0.050082
0.179158
0.681721
0.645969
0.436343
0.836702
0.470772
0.79544
0.50076
0.3534
0.379224
0.667382
0.904982
0.75405
0.992683
0.430713
0.287435
0.0440602
0.824394
0.368128
0.347148
0.252003
0.475657
0.594846
0.841093
0.695348
0.906681
0.659193
0.535458
0.231731
0.787905
0.0917414
0.899749
0.920105
0.0697444
0.890113
0.505608
0.695381
0.128123
0.281799
0.143442
0.34558
0.909765
0.360659
0.394003
0.60726
0.00642152
0.674428
0.290481
0.0475326
0.489395
0.0428101
0.843309
0.559465
0.373408
0.327949
0.934925
0.509061
0.494394
0.464044
0.600129
0.572683
0.13137
0.103146
0.67519
0.917717
0.369144
0.735858
0.632015
0.40414
0.448225
0.461743
0.266817
0.274994
0.678621
0.838214
0.595614
0.906961
0.909854
0.204243
0.16904
0.385678
0.465134
0.117203
0.00259687
0.249371
0.0378066
0.636171
0.805051
0.203645
0.927897
0.861715
0.943826
0.453037
0.0433581
0.808389
0.0880798
0.497467
0.320034
0.454487
0.722673
0.317595
0.615139
0.989893
0.212186
0.542853
0.461271
0.0740816
0.447828
0.40601
0.539274
0.594112
0.108679
0.291388
0.91589
0.777686
0.92164
0.260753
0.484466
0.837079
0.368335
0.187401
0.877102
0.893139
0.495254
0.887122
0.613515
0.928926
0.334028
0.834814
0.462612
0.13967
0.770619
0.510061
0.346331
0.109463
0.0803958
0.88257
0.124464
0.59268
0.553603
0.946354
0.340636
0.79486
0.579635
0.780265
0.115768
0.272535
0.628344
0.594529
0.557477
0.0953923
0.208698
0.510507
0.553592
0.705141
0.877922
0.0924046
0.483601
0.608595
0.900867
0.220082
0.528414
0.532817
0.162003
0.681701
0.978827
0.627742
0.916318
0.0614804
0.79518
0.337003
0.889406
0.259096
0.838089
0.0239608
0.984567
0.820891
0.177292
0.877732
0.15833
0.926283
0.715526
0.402741
0.0358003
0.0583292
0.57793
0.471668
0.106639
0.361361
0.728282
0.498795
0.690948
0.367071
0.490615
0.301691
0.255442
0.828769
0.492699
0.388846
0.596175
0.0695911
0.610163
0.880272
0.352679
0.971748
0.513575
0.600378
0.824517
0.75592
0.59756
0.350544
0.899697
0.949457
0.344276
0.921296
0.351665
0.652496
0.79582
0.97243
0.540694
0.867727
0.407695
0.723579
0.750546
0.0666383
0.867096
0.47144
0.791452
0.352787
0.133111
0.0923875
0.212812
0.855564
0.0534087
0.752839
0.436719
0.55175
0.572121
0.327762
0.663417
0.446797
0.677253
0.145753
0.519076
0.131419
0.185433
0.813271
0.252959
0.648871
0.77334
0.617701
0.625885
0.861703
0.961026
0.239833
0.0633065
0.96798
0.231064
0.665819
0.098389
0.289512
0.933723
0.0944948
0.774557
0.838014
0.746872
0.872469
0.886111
0.915573
0.319037
0.835595
0.919782
0.03021
0.253206
0.748282
0.324839
0.256129
0.723977
0.206802
0.879554
0.743013
0.659662
0.357816
0.0514995
0.616195
0.77231
0.367294
0.520995
0.701189
0.349278
0.152399
0.896218
0.501026
0.409083
0.581976
0.251043
0.65897
0.223893
0.503307
0.387968
0.553484
0.804613
0.0249682
0.434863
0.32344
0.666963
0.11706
0.975029
0.198514
0.713271
0.0534582
0.184161
0.470401
0.863805
0.66622
0.212362
0.0821736
0.177052
0.952974
0.960183
0.279218
0.858076
0.842965
0.594377
0.597286
0.52423
0.341324
0.847479
0.595784
0.670054
0.212694
0.448752
0.99035
0.721848
0.119873
0.595568
0.551636
0.884711
0.639221
0.902172
0.0337154
0.522852
0.616716
0.0960423
0.201618
0.763237
0.11036
0.0979895
0.748707
0.00765128
0.738278
0.241056
0.855465
0.54797
0.723358
0.987301
0.595428
0.924015
0.962141
0.307693
0.838259
0.093989
0.439539
0.697179
0.190022
0.384268
0.603131
0.981893
0.00784277
0.0651521
0.9032
0.357392
0.638048
-0.000246613
0.481522
0.49403
0.418445
0.991109
0.844721
0.458716
0.474022
0.548098
0.560233
0.878088
0.347795
0.867389
0.757542
0.314826
0.738031
0.386946
0.618797
0.00327123
0.545728
0.987295
0.158984
0.049866
0.908002
0.828415
0.819595
0.461285
0.0707052
0.216061
0.62693
0.88348
0.327636
0.333464
0.134508
0.0963235
0.420463
0.364806
0.250393
0.177052
0.597754
0.604925
0.261053
0.00873542
0.721173
0.808638
0.175492
0.422712
0.538992
0.851311
0.947217
0.356866
0.919033
0.891093
0.159949
0.898777
0.509644
0.704845
0.39141
0.759841
0.296231
0.768205
0.529
0.785423
0.819621
0.682222
0.900467
0.653281
0.333772
0.0614644
0.171169
0.65201
0.261142
0.159013
0.935238
0.214688
0.156299
0.226871
0.729564
0.241716
0.540452
0.534392
0.97889
0.828594
0.620251
0.544875
0.80639
0.64196
0.401166
0.753086
0.223832
0.72745
0.475353
0.220191
0.83342
0.270066
0.247891
0.583682
0.787597
0.214365
0.0330403
0.89741
0.037134
0.255545
0.852645
0.960894
0.94919
0.746276
0.236263
0.322346
0.0927255
0.566216
0.0926698
0.731383
0.810473
0.727217
0.155153
0.898079
0.263922
0.0569252
0.984654
0.921671
0.459201
0.418107
0.159818
0.410053
0.748614
0.267885
0.61127
0.456288
0.751136
0.217535
0.195917
0.265502
0.576116
0.637135
0.610175
0.896515
0.213868
0.63507
0.711682
0.426984
0.207952
0.82208
0.722092
0.112375
0.467284
0.769594
0.0621264
0.530032
0.388924
0.837386
0.506067
0.809774
0.142505
0.868112
0.556532
0.529586
0.800179
0.491272
0.229282
0.890817
0.671424
0.22423
0.854912
0.222958
0.14027
0.433899
0.508891
0.440445
0.146464
0.414802
0.633279
0.562431
0.428923
0.412492
0.33774
0.425633
0.143139
0.800794
0.021387
0.695314
0.258121
0.403913
0.790535
0.883263
0.453164
0.689407
0.475567
0.735045
0.574406
0.357125
0.433343
0.881467
0.193142
0.0217827
0.355513
0.338383
0.90376
0.0590324
0.135318
0.063113
0.18704
0.200088
0.405283
0.73591
0.78939
0.176326
0.0279827
0.154261
0.23857
0.881633
0.267981
0.502515
0.047988
0.33374
0.38005
0.694897
0.265376
0.093709
0.987154
0.330512
0.359539
0.837965
0.397295
0.663582
0.772703
0.571435
0.421134
0.56794
0.343001
0.424087
0.0504278
0.59764
0.698899
0.483387
0.0165177
0.168832
0.417792
0.43857
0.0355537
0.395957
0.423756
0.790174
-0.0017516
0.880469
0.0421173
0.528779
0.133985
0.701458
0.320542
0.514436
0.410412
0.483826
0.145135
0.0976841
0.0846592
0.701685
0.608454
0.235136
0.737819
0.294315
0.293068
0.0585951
0.999897
0.921666
0.178301
0.0964809
0.579865
0.327789
0.303321
0.488387
0.74308
0.979573
0.24281
0.464887
0.183241
0.471729
0.105102
0.659993
0.990198
0.598914
0.051563
0.440365
0.213177
0.938603
0.723215
0.751614
0.915421
0.420665
0.536133
0.684074
0.410866
0.241743
0.00666882
0.223541
0.418664
0.560995
0.649361
0.0156336
0.569687
0.97104
0.516682
0.920569
0.404651
0.364639
0.210019
0.716038
0.484327
0.136984
0.509125
0.878425
0.214918
0.239158
0.290142
0.599762
0.296332
0.504322
0.0931365
0.762328
0.852517
0.792181
0.0100675
0.739277
0.390293
0.370667
0.703775
0.916808
0.310589
0.581118
0.411731
0.0239761
0.384383
0.988593
0.409494
0.835282
0.97062
0.262231
0.300317
0.620868
0.873193
0.744313
0.210602
0.154436
0.599947
0.612492
1.00169
0.804231
0.870698
0.795036
0.660702
0.732833
0.440908
0.65496
0.485176
0.0844198
0.00259813
0.68618
0.303283
0.24416
0.16276
0.341804
0.267148
0.787457
0.976665
0.79395
0.0882363
0.426244
0.158742
0.668763
0.301389
0.973982
0.276063
0.701501
0.670912
0.0157961
0.806205
0.826683
0.828436
0.458756
0.384064
0.303207
0.64186
0.737031
0.684696
0.335741
0.606985
0.540656
0.673582
0.795958
0.300351
0.588082
0.0206523
0.363097
0.791544
0.632514
0.26483
0.39284
0.164466
0.673561
0.432924
0.957576
0.576685
0.788552
0.529543
0.501028
0.602866
0.723692
0.600553
0.091963
0.500642
0.428548
0.895097
0.332725
0.423916
0.407651
0.391476
0.273425
0.214727
0.748318
0.164707
0.636754
0.831188
0.463714
0.628057
0.883653
0.700811
0.791773
0.954224
0.787772
0.392847
0.503889
0.290999
0.69971
0.928502
0.94298
0.709487
0.960203
0.439536
0.713304
0.43903
0.790383
0.245423
0.774516
0.799137
0.877786
0.0318464
0.906469
0.556298
0.766792
0.805727
0.543101
0.247703
0.389539
0.137821
0.642156
0.760048
0.495198
0.630479
0.379865
0.835354
0.386255
0.630481
0.0200677
0.641413
0.848861
0.971353
0.670616
0.0398397
0.839553
0.0419991
0.320026
0.699144
0.361627
0.288541
0.403529
0.467886
0.351578
0.521267
0.927923
0.834549
0.618061
0.455821
0.758511
0.304668
0.221158
0.103778
0.0900603
0.209335
0.329666
0.989677
0.192431
0.726075
0.844146
0.924765
0.796504
0.0408319
0.64213
0.836429
0.576332
0.523206
0.425214
0.534583
0.890759
0.190118
0.515508
0.890914
0.56495
0.760849
0.811835
0.577841
0.094469
0.96112
0.72903
0.763908
0.121623
0.965732
0.562874
0.776222
0.595184
0.316476
0.265605
0.832703
0.395294
0.67454
0.760141
0.130578
0.577568
0.377456
0.477967
0.912257
0.138468
0.368888
0.648303
0.16872
0.465764
0.97413
0.962979
0.814618
0.421503
0.806436
0.581377
0.160049
0.582212
0.599645
0.794339
0.912799
0.721233
0.900049
0.291172
0.0707376
0.866895
0.895987
0.20636
0.0336201
0.66448
0.196275
0.905985
0.44864
0.764754
0.668859
0.12893
0.380521
0.0622429
0.272364
0.759766
0.619412
0.741503
0.252105
0.96192
0.632852
0.34033
0.94184
0.752363
0.0493831
0.768613
0.386825
0.973455
0.109376
0.828679
0.902434
0.981387
0.754472
0.763558
0.735166
0.629024
0.653574
0.789935
0.294093
0.42773
0.197201
0.0400653
0.405937
0.0736639
0.526782
0.620373
0.087087
0.837544
0.282518
0.350112
0.143275
0.931292
0.32313
0.560777
0.484241
0.918646
0.32431
0.270079
0.215555
0.0233338
0.537058
0.0977236
0.164022
0.674259
0.183987
0.0946724
0.14675
0.512046
0.984807
0.153579
0.585408
0.0694759
0.792024
0.47689
0.492618
0.101135
0.184043
0.627091
0.278226
0.797449
0.77087
0.746695
0.106525
0.809694
0.13197
0.75076
0.939825
0.865696
0.897701
0.600977
0.182532
0.681298
0.011447
0.889926
0.337849
0.0570684
0.838764
0.354929
0.435148
0.788401
0.0139419
0.895854
0.935838
0.00312
0.0473991
0.0173984
0.747179
0.474581
0.635726
0.793779
0.156876
0.931744
0.254555
0.0967183
0.0420824
0.786452
0.556396
0.562435
0.395377
0.0835707
0.031984
0.775224
0.128706
0.876033
0.0888579
0.464482
0.401852
0.653276
0.978013
0.292703
0.592891
0.295136
0.107534
0.563706
0.914602
0.323359
0.712025
0.652439
0.201397
0.154904
0.915497
0.750874
0.380105
0.918149
0.296898
0.418843
0.712279
0.373112
0.859912
0.433797
0.465328
0.857231
0.294244
0.482704
0.747978
0.548018
0.901306
0.343803
0.982415
0.85358
0.00883585
0.367748
0.0657292
0.928486
0.218853
0.167608
0.335844
0.323742
0.694517
0.573321
0.717825
0.190995
0.502882
0.103315
0.718457
0.317593
0.564957
0.205651
0.00879271
0.399871
0.864852
0.0771567
0.713441
0.216578
0.20348
0.806786
0.195287
0.994272
0.107623
0.373707
0.770681
0.868632
0.0427896
0.416336
0.753985
0.122618
0.720149
0.502184
0.622508
0.444039
0.10827
0.731275
0.536497
0.913151
0.724554
0.62248
0.864541
0.455816
0.918164
0.030848
0.838924
0.159062
0.93008
0.835246
0.488221
0.0310443
0.562365
0.469898
0.100793
0.117555
0.579755
0.243087
0.45352
0.475231
0.360225
0.229809
0.187215
0.19353
0.894965
0.00745518
0.647495
0.7178
0.35131
0.0455582
0.649436
0.522502
0.501085
0.261048
0.423862
0.68334
0.885794
0.579766
0.914396
0.469368
0.832238
0.565729
0.435658
0.312234
0.761532
0.197568
0.97659
0.017024
0.250027
0.935238
0.272496
0.672155
0.808228
0.600272
0.0239608
0.964313
0.473068
0.110078
0.90406
0.717509
0.0377299
0.027918
0.713007
0.198248
0.30037
0.833377
0.674601
0.585184
0.569212
0.193004
0.561337
0.8705
0.0141086
0.0875897
0.430372
0.0528836
0.686831
0.592633
0.647965
0.527263
0.0504003
0.963502
0.642454
0.135392
0.214478
0.175531
0.457815
0.78884
0.873678
0.536994
0.673963
0.436338
0.785587
0.150855
0.32856
0.919564
0.588907
0.940457
0.542604
0.657403
0.0660864
0.548256
0.807686
0.0585018
0.650757
0.880371
0.575892
0.861934
0.0725561
0.834212
0.362557
0.371545
0.653221
0.703549
0.937025
0.39395
0.497239
0.175757
0.687244
0.685134
0.135595
0.180088
0.0697892
0.563586
0.68408
0.6564
0.00318726
0.592087
0.167423
0.263843
0.745963
0.984935
0.800014
0.486777
0.953908
0.839053
0.196705
0.0623122
0.0138385
0.744599
0.760269
0.299426
0.674243
0.893111
0.854743
0.467887
0.271021
0.72369
0.0860399
0.0807371
0.609747
0.372493
0.0165437
0.220437
0.127114
0.776524
0.109483
0.930419
0.813746
0.0584301
0.111673
0.369468
0.0968492
0.395666
0.154609
0.963637
0.0344183
0.22339
0.476346
0.258802
0.355995
0.896665
0.693994
0.917945
0.210975
0.460321
0.845128
0.854865
0.451722
0.942577
0.916322
0.58035
0.771537
0.725126
0.551662
0.983121
0.826755
0.411179
0.140805
0.658871
0.604495
0.0315758
0.613971
0.430274
0.138527
0.729631
0.710942
0.904904
0.0715568
0.079442
0.820791
0.661108
0.18018
0.832098
0.398551
0.89288
0.545035
0.541584
0.032755
0.650023
0.655781
0.555967
0.538376
0.145374
0.398665
0.293128
0.376021
0.524488
0.534162
0.548463
0.207555
0.530838
0.218378
0.597837
0.0282033
0.321718
0.987982
0.731403
0.914732
0.821261
0.811001
0.669696
0.416097
0.224942
0.602276
0.289132
0.606289
0.946627
0.513693
0.240091
0.875793
0.0851015
0.625726
0.320692
0.854957
0.589367
0.0397466
0.376685
0.93956
0.796603
0.489783
0.254666
0.702584
0.790589
0.819791
0.297861
0.230672
0.493148
0.117148
0.78289
0.487277
0.259023
0.861054
0.695161
0.145801
0.992706
0.932862
0.879529
0.95807
0.852875
0.0041998
0.544809
0.242757
0.0248484
0.670259
0.996158
0.717762
0.147959
0.859092
0.281569
0.251822
0.289887
0.835778
0.983356
0.334416
0.988461
0.943901
0.578112
0.633688
0.0753148
0.649122
0.532429
0.557255
0.228614
0.110785
0.281098
0.361592
0.430186
0.880735
0.00410764
0.798644
0.586483
0.670102
0.602018
0.932889
0.530597
0.65156
0.707076
0.683384
0.508727
0.752218
0.0616846
0.180418
0.543341
0.913149
0.388911
0.470644
0.477529
0.774648
0.61582
0.299153
0.569133
0.920738
0.98887
0.346486
0.516671
0.538247
0.127267
0.295303
0.448588
0.977961
0.630169
0.755034
0.788557
0.287762
0.446916
0.496196
0.69467
0.433444
0.494274
0.566867
0.644424
0.529173
0.364416
0.940266
0.13356
0.621784
0.264342
0.175561
0.993137
0.0397524
0.270388
0.00707608
0.768222
0.427734
0.445986
0.981031
0.472454
0.894051
0.986506
0.395459
0.264992
0.324223
0.402003
0.131474
0.518696
0.988854
0.982983
0.550083
0.144796
0.958034
0.967377
0.666306
0.547334
0.336845
0.0133752
0.840465
0.563531
0.346783
0.386652
0.377475
0.629826
0.812155
0.634992
0.891452
0.684167
0.808435
0.161328
0.755759
0.554991
0.203801
0.421405
0.969761
0.786875
0.0970037
0.668594
0.509948
0.237649
0.716704
0.21612
0.274292
0.605058
0.465527
0.458379
0.772456
0.91775
0.360609
0.371502
0.0435113
0.469592
0.533985
0.568245
0.838145
0.470778
0.456712
0.44981
0.739528
0.137849
0.866596
0.189995
0.827152
0.530631
0.623027
0.906151
0.358089
0.797383
0.693314
0.198536
0.577139
0.558373
0.135788
0.624177
0.576928
0.446396
0.611787
0.60849
0.0673466
0.57341
0.310113
0.859929
0.268536
0.843932
0.0308744
0.152828
0.565717
0.378479
0.0775546
0.752138
0.879631
0.10753
0.507475
0.942261
0.422587
0.267598
0.651429
0.544351
0.266049
0.204379
0.733444
0.201262
0.509194
0.693981
0.339593
0.86118
0.730795
0.356693
0.722682
0.784091
0.955749
0.446739
0.836962
0.243629
0.520894
0.0330723
0.859873
0.0907375
0.753269
0.030826
0.632541
0.0105523
0.671592
0.368885
0.58408
0.704553
0.146727
0.918147
0.851447
0.128845
0.206371
0.24632
0.737774
0.582744
0.267235
0.72576
0.337174
0.345346
0.578074
0.5291
0.231248
0.716292
0.235079
0.157603
0.34962
0.299966
0.68024
0.489524
0.767008
0.832013
0.109427
0.714698
0.140683
0.374873
0.252387
0.199617
0.050879
0.289659
0.378122
0.0161566
0.252894
0.0448755
0.752405
0.879071
0.876615
0.467809
0.653222
0.626924
0.643012
0.220373
0.671277
0.407865
0.459623
0.467622
0.101714
0.0218401
0.208196
0.0380263
0.851053
0.573938
0.881019
0.888779
0.439555
0.16451
0.477871
0.724613
0.352029
0.455951
0.0893585
0.441676
0.039519
0.563655
0.939438
0.624804
0.260375
0.471833
0.438706
0.69891
0.133354
0.205108
0.903435
0.335672
0.267503
0.46797
0.154774
0.171416
0.932917
0.845913
0.379138
0.668957
0.276797
0.292179
0.194967
0.453664
0.0641427
0.0382109
0.629493
0.349073
0.987772
0.492951
0.903441
0.556513
0.851491
0.501541
0.077692
0.561908
0.172259
0.700662
0.587422
0.0310468
0.181057
0.336023
0.535941
0.986867
0.61182
0.726076
0.655176
0.417862
0.270728
0.437412
0.497615
0.56389
0.720806
0.195712
0.705508
0.591208
0.0308878
0.132542
0.505615
0.803699
0.53244
0.0700397
0.832765
0.034221
0.639934
0.086997
0.0254027
0.684736
0.461861
0.649467
0.204138
0.434014
0.440038
0.596325
0.00189456
0.463752
0.978494
0.224778
0.12022
0.157328
0.575053
0.696815
0.947292
0.0955511
0.231666
0.00796948
0.179952
0.823836
0.392099
0.687069
0.433639
0.736599
0.987411
0.064893
0.585044
0.964558
0.879492
0.981195
0.623217
0.2456
0.320858
0.595395
0.26931
0.383666
0.210818
0.682256
0.233792
0.866823
0.0352425
0.536713
0.258774
0.300971
0.281658
0.226802
0.829775
0.892574
0.843924
0.347895
0.56466
0.86774
0.783256
0.307443
0.352316
0.464945
0.85825
0.407787
0.084866
0.629956
0.896384
0.52939
0.941339
0.735599
0.61611
0.693257
0.684846
0.777308
0.952183
0.910889
0.570901
0.171122
0.216935
0.247355
0.209568
0.968272
0.844864
0.89805
0.17768
0.863236
0.30277
0.169511
0.156903
0.272717
0.652669
0.957868
0.921996
0.0213954
0.546556
0.759496
0.0955229
0.552984
0.36911
0.195936
0.915028
0.158259
0.674094
0.197661
0.148731
0.512683
0.82221
0.190015
0.235936
0.253631
0.0112352
0.855868
0.420771
0.8457
0.480197
0.329605
0.360622
0.74554
0.602715
0.0423874
0.697917
0.110775
0.257954
0.65473
0.945891
0.118922
0.410034
0.145474
0.281851
0.565949
0.121748
0.504751
0.374804
0.445878
0.4496
0.99641
0.803641
0.671332
0.293858
0.682798
0.558923
0.331815
0.522588
0.126746
0.227946
0.220597
0.25888
0.55108
0.242931
0.937938
0.837918
0.133835
0.953593
0.0797981
0.571163
0.310662
0.296602
0.646994
0.877795
0.330334
0.856488
0.0405423
0.360557
0.397022
0.225172
0.21592
0.639362
0.204123
0.343027
0.799829
0.934479
0.163557
0.773819
0.973295
0.275086
0.311345
0.92296
0.822529
0.345733
0.854747
0.197373
0.0625499
0.743275
0.644431
0.142914
0.671794
0.0584189
0.365402
0.616852
0.776421
0.485765
0.850497
0.649036
0.638437
0.508326
0.0642259
0.45676
0.50074
0.514386
0.461575
0.182616
0.715257
0.18111
0.609794
0.101084
0.209387
0.903982
0.865762
0.58766
0.433123
0.202965
0.562388
0.463024
0.292364
0.86595
0.449754
0.430692
0.186163
0.562769
0.0988067
0.273609
0.110323
0.361884
0.687699
0.294763
0.297081
0.321828
0.997262
0.503522
0.426707
0.7671
0.43925
0.994272
0.870941
0.289918
0.321172
0.38034
0.280023
0.661418
0.943091
0.972425
0.496881
0.706022
0.880807
0.514218
0.102176
0.617992
0.671902
0.153043
0.48292
0.984394
0.913383
0.22472
0.66402
0.686826
0.763517
0.00498774
0.515309
0.107181
0.983441
0.569526
0.19538
0.419087
0.395443
0.606809
0.919245
0.0567039
0.115886
0.148642
0.912553
0.25835
0.680663
0.937952
0.879663
0.66017
0.284967
0.124346
0.214527
0.925101
0.541634
0.902618
0.452188
0.533036
0.5238
0.692857
0.139344
0.92371
0.268117
0.086676
0.769932
0.367398
0.949504
0.929107
0.0680914
0.214337
0.00124902
0.189879
0.0896844
0.808317
0.220788
0.449129
0.824827
0.353577
0.3161
0.628893
0.397293
0.282093
0.54131
0.430726
0.867997
0.69017
0.405864
0.699963
0.584367
0.53971
0.477314
0.852217
0.942649
0.600906
0.683951
0.420482
0.233896
0.784455
0.413618
0.466471
0.691019
0.00290462
0.24797
0.344249
0.61002
0.534782
0.822
0.89576
0.336215
0.640896
0.560606
0.655621
0.363027
0.854685
0.401366
0.930307
0.796256
0.938212
0.920512
0.311971
0.434483
0.578375
0.587708
0.409568
0.445167
0.261677
0.210882
0.588562
0.520963
0.66416
0.87949
0.840045
0.552402
0.813655
0.373356
0.215718
0.848302
0.0178997
0.605291
0.347113
0.144047
0.592395
0.977231
0.334939
0.243391
0.956299
0.561021
0.0421455
0.243591
0.48337
0.537083
0.435253
0.745605
0.944146
0.73342
0.0085709
0.354096
0.497227
0.819046
0.167307
0.678021
0.797528
0.262469
0.774342
0.478315
0.464533
0.472486
0.355053
0.695516
0.709564
0.506968
0.933549
0.868903
0.435015
0.689461
0.526707
0.0522973
0.207009
0.19865
0.875616
0.666452
0.380711
0.899606
0.211974
0.763582
0.730879
0.948082
0.303853
0.0394072
0.688695
0.0977091
0.657502
0.5973
0.717868
0.123414
0.209934
0.152985
0.971233
0.384141
0.0246401
0.527524
0.763703
0.877173
0.353023
0.6987
0.75401
0.128071
0.307615
0.416924
0.503441
0.202733
0.911176
0.235591
0.0547886
0.250935
0.580249
0.993095
0.267673
0.255673
0.992745
0.355709
0.833253
0.965293
0.666758
0.315828
0.0512543
0.562688
0.371412
0.209885
0.192792
0.0522946
0.992601
0.104149
0.407305
0.334357
0.846271
0.0863824
0.564432
0.925556
0.461775
0.127367
0.952106
0.773084
0.465823
0.766272
0.371832
0.324843
0.791145
0.521772
0.169905
0.427633
0.965984
0.541701
0.225099
0.992494
0.898736
0.490432
0.749591
0.615098
0.645983
0.471571
0.981779
0.806336
0.475635
0.135909
0.334238
0.483578
0.726751
0.257687
0.700501
0.0366076
0.920241
0.931297
0.558957
0.796445
0.636023
0.639792
0.323011
0.589816
0.00887191
0.0586008
0.795382
0.687931
0.0775736
0.735101
0.751312
0.482574
0.0582381
0.102554
0.654376
0.0269956
0.952813
0.506794
0.522632
0.956506
0.408103
0.533033
0.997531
0.114975
0.631427
0.746223
0.100277
0.804877
0.90659
0.580063
0.227584
0.621608
0.0228685
0.309685
0.598921
0.986249
0.0562647
0.324927
0.764328
0.78625
0.818242
0.730797
0.14898
0.090707
0.894884
0.510429
0.29634
0.455534
0.595799
0.366831
0.176153
0.964948
0.898923
0.697465
0.573551
0.864534
0.291694
0.466288
0.879867
0.487509
0.828771
0.000881442
0.224485
0.323
0.402857
0.207245
0.225255
0.143118
0.2649
0.77225
0.268589
0.563438
0.27444
0.964469
0.650226
0.988318
0.585069
0.792451
0.850416
0.54629
0.224774
0.771833
0.417372
0.815408
0.329977
0.592563
0.826644
0.768291
0.536432
0.168323
0.940175
0.114522
0.284927
0.108064
0.5893
0.706395
0.649828
0.279971
0.27523
0.635455
0.983954
0.235619
0.30071
0.076678
0.785469
0.000658507
0.1674
0.464103
0.397584
0.0720822
0.170265
0.623243
0.0558149
0.0163898
0.273555
0.0118034
0.258264
0.700235
0.684167
0.705139
0.468616
0.530775
0.127208
0.818481
0.036427
0.0505578
0.771904
0.1536
0.838301
0.469033
0.703213
0.26168
0.532964
0.29996
0.46532
0.263079
0.467705
0.410875
0.574548
0.972738
0.159916
0.139056
0.920357
0.8946
0.119328
0.970207
0.757117
0.814802
0.182453
0.344634
0.421987
0.263767
0.66102
0.71178
0.494969
0.612506
0.318766
0.858904
0.371147
0.271353
0.59276
0.320356
0.336394
0.571192
0.638289
0.713196
0.967748
0.989854
0.86755
0.56902
0.847723
0.407811
0.770766
0.366069
0.186342
0.880905
0.750543
0.148175
0.806298
0.166279
0.945739
0.614617
0.792946
0.548397
0.687291
0.378636
0.0986971
0.287741
0.834409
0.419365
0.0546678
0.416742
0.328868
0.936355
0.724026
0.723477
0.832847
0.841401
0.0376543
0.64399
0.295112
0.775901
0.108946
0.0679598
0.0288595
0.901504
0.516991
0.267893
0.837691
0.245039
0.76019
0.779861
0.0975412
0.63037
0.688139
0.713578
0.586363
0.598325
0.999579
0.15884
0.322802
0.307153
0.351886
0.668948
0.143807
0.748508
0.987944
0.982002
0.414107
0.714421
0.792413
0.663539
0.622741
0.212513
0.00532674
0.440383
0.431779
0.47942
0.894883
0.460301
0.0321883
0.471489
0.209161
0.396588
0.840953
0.500311
0.498506
0.655933
0.731598
0.724005
0.750131
0.00998899
0.357185
0.54721
0.68328
0.77114
0.0246584
0.0195669
0.246419
0.464275
0.564041
0.141118
0.945696
0.14888
0.262271
0.0475598
0.624663
0.462095
0.634952
0.385519
0.929224
0.64726
0.403509
0.766747
0.6004
0.835304
0.414597
0.147668
0.0657264
0.967096
0.0701425
0.704803
0.911332
0.304453
0.85587
0.677786
0.236067
0.0460511
0.469079
0.36382
0.721424
0.000977811
0.48169
0.990288
0.655648
0.334816
0.511646
0.894393
0.807377
0.294839
0.800858
0.810844
0.441341
0.826983
0.286197
0.442679
0.257628
0.944762
0.620183
0.330945
0.22005
0.160094
0.689639
0.265814
0.939242
0.685134
0.441427
0.179799
0.0704862
0.13129
0.865112
0.336169
0.880792
0.280018
0.758863
0.0425439
0.0374411
0.965377
0.435326
0.458511
0.246639
0.655178
0.521044
0.659304
0.451275
0.64349
0.409006
0.100883
0.470986
0.9617
0.842644
0.486251
0.653839
0.665854
0.811498
0.136696
0.564465
0.391515
0.241253
0.781705
0.535877
0.825307
0.730535
0.108235
0.453028
0.24946
0.371173
0.246218
0.464898
0.540337
0.421463
0.401219
0.36484
0.840095
0.716101
0.0274958
0.984504
0.992274
-0.00140013
0.661086
0.760209
0.181281
0.514381
0.522153
0.382561
0.661213
0.58105
0.848212
0.18794
0.267006
0.477727
0.558744
0.326969
0.249332
0.731427
0.274629
0.915935
0.948555
0.0207639
0.317955
0.377394
0.214855
0.608106
0.193794
0.353562
0.442928
0.638172
0.335579
0.380732
0.882875
0.552117
0.634001
0.0393292
0.920576
1.00142
0.403158
0.716952
0.929066
0.273966
0.451467
0.989519
0.425474
0.68219
0.112483
0.805449
0.700509
0.133071
0.134614
0.598117
0.676957
0.582977
0.706959
0.934161
0.56045
0.882643
0.720595
0.972504
0.262874
0.983435
0.900986
0.179174
0.134723
0.173778
0.0335353
0.136886
0.962821
0.449897
0.797382
0.43557
0.213362
0.683053
0.713683
0.255772
0.55855
0.8572
0.492629
0.0303713
0.281929
0.466832
0.52585
0.921378
0.0626526
0.132513
0.722153
0.269689
0.314066
0.496637
0.878232
0.930904
0.820901
0.128253
0.485843
0.611082
0.0267542
0.0804797
0.344528
0.680011
0.658844
0.189867
0.555872
0.556934
0.323224
0.027971
0.270339
0.0378421
0.900062
0.760138
0.802975
0.538027
0.473713
0.864129
0.220427
0.366931
0.798909
0.720099
0.55015
0.985893
0.843289
0.407454
0.648519
0.0235544
0.116107
0.0409185
0.843953
0.882178
0.948602
0.0297759
0.824629
0.0479405
0.743759
0.876058
0.740493
0.557302
0.217591
0.256082
0.775979
0.759895
0.194765
0.575078
0.412258
0.902955
0.0224183
0.900983
0.924415
0.0804028
0.916386
1.00148
0.360506
0.675053
0.146047
0.89357
0.273888
0.312942
0.00301598
0.900454
0.132083
0.0524285
0.142595
0.675466
0.53947
0.988245
0.938616
0.060581
0.287975
0.923285
0.435655
0.711124
0.114015
0.375509
0.416221
0.0852589
0.0900741
0.264935
0.939326
0.169728
0.408595
0.79441
0.843094
0.242449
0.199872
0.115956
0.709481
0.14088
0.710925
0.95529
0.278319
0.289315
0.919801
0.414173
0.878658
-0.000960673
0.735816
0.859596
0.441163
0.649895
0.382597
0.132509
0.193582
0.332264
0.914939
0.419176
0.503349
0.146329
0.434423
0.666083
0.822895
0.868948
0.93586
0.0253215
0.144355
0.955536
0.0482006
0.944924
0.507885
0.405773
0.823466
0.33798
0.785965
0.133423
0.962312
0.788967
0.35299
0.974428
0.367833
0.223738
0.669792
0.165787
0.427634
0.586272
0.186438
0.233013
0.677061
0.880232
0.0247249
0.274004
0.23028
0.490355
0.756729
0.119689
0.97089
0.988733
0.852349
0.0713221
0.678668
0.700927
0.726274
0.573504
0.69252
0.58361
0.00625867
0.523899
0.925075
0.215669
0.594289
0.552061
0.686154
0.11786
0.770428
0.872017
0.527614
0.304967
0.785796
0.661224
0.56137
0.441256
0.971089
0.93184
0.0269046
0.516725
0.213142
0.342462
0.39887
0.285365
0.173666
0.988614
0.589362
0.245724
0.871552
0.123257
0.0466108
0.894416
0.392507
0.578875
0.145715
0.714405
0.356953
0.178582
0.687729
0.41197
0.566214
0.472756
0.405824
0.819031
0.318809
0.899801
0.93553
0.925986
0.724873
0.489058
0.284722
0.201884
0.442365
0.106051
0.987634
0.0983165
0.412018
0.737959
0.261001
0.223147
0.518812
0.69804
0.97022
0.506651
0.329269
0.857988
0.471934
0.2963
0.449817
0.603835
0.67281
0.405021
0.167923
0.970482
0.0883848
0.0367658
0.429002
0.05825
0.396801
0.466268
0.869935
0.307019
0.930958
0.926719
0.225424
0.195107
0.519087
0.885635
0.569441
0.622743
0.875106
0.0251554
0.205359
0.972484
0.481878
0.410466
0.423138
0.783021
0.981879
0.997685
0.357325
0.813649
0.713041
0.838372
0.564077
0.872658
0.550654
0.967149
0.529342
0.955581
0.868483
0.813663
0.987485
0.205844
0.93507
0.0800038
0.522146
0.362217
0.325902
0.822267
0.799358
0.295157
0.834893
0.245695
0.780621
0.194961
0.395604
0.650344
0.621518
0.797754
0.902537
0.493585
0.576783
0.971048
0.318042
0.835142
0.822425
0.365093
0.253834
0.993704
0.183359
0.625683
0.842862
0.861638
0.953705
0.0686776
0.1888
0.666273
0.655169
0.917197
0.846419
0.544547
0.000126795
0.0208194
0.716149
0.760323
0.247992
0.765275
0.494299
0.619557
0.495058
0.542775
0.277802
0.275282
0.744689
0.322711
0.879891
0.691253
0.987887
0.0611965
0.433075
0.175289
0.944421
1.00036
0.270345
0.973537
0.998339
0.61185
0.656982
0.659906
0.850566
0.139062
0.24856
0.908031
0.70333
0.78699
0.780837
0.852044
0.827907
0.313005
0.491468
0.905651
0.457033
0.500486
0.882056
0.188048
0.714527
0.31804
0.436704
0.40974
0.876229
0.319099
0.536295
0.483599
0.260963
0.818531
0.678401
0.7301
0.443482
0.420617
0.680523
0.17185
0.0997077
0.730308
0.417305
0.557233
0.652297
0.501228
0.649261
0.460717
0.565107
0.0592845
0.702333
0.226687
0.857196
0.33537
0.0968129
0.297082
0.350962
0.623738
0.213963
0.886377
0.206561
0.76315
0.816419
0.210624
0.154798
0.488305
0.733885
0.901258
0.998772
0.38254
0.402241
0.440927
0.509741
0.708575
0.543288
0.528502
0.900171
0.708666
0.271967
0.0171167
0.942007
0.837718
0.896514
0.915752
0.989044
0.732098
0.399823
0.889447
0.204657
0.714659
0.503987
0.942385
0.916071
0.608876
0.215103
0.398585
0.7882
0.754798
0.671067
0.876184
0.826849
0.61357
0.749757
0.652094
0.469829
0.14734
0.866085
0.722629
0.0479009
0.693086
0.708573
0.202483
0.946089
0.100433
0.24741
0.817148
0.10215
0.970073
0.805091
0.447043
0.0954566
0.751621
0.633729
0.919182
0.897977
0.47367
0.531334
0.984243
0.402612
0.704598
0.0061494
0.122227
0.361828
0.938772
0.242135
0.3305
0.450896
0.507012
0.606457
0.950676
0.729629
0.394758
0.535645
0.175777
0.626237
0.582602
0.738355
0.212244
0.680871
0.841373
0.85964
0.958727
0.490258
0.645704
0.422168
0.643036
0.606409
0.472745
0.845706
0.582038
0.210049
0.266219
0.277357
0.154066
0.478705
0.237801
0.53681
0.456748
0.97826
0.412983
0.679955
0.513691
0.0436984
0.507987
0.916727
0.764505
0.202968
0.399393
0.9612
0.032257
0.313191
0.459301
0.984668
0.767917
0.323522
0.0286517
0.620577
0.566911
0.163569
0.694501
0.681548
0.181709
0.973047
0.586988
0.224789
0.543119
0.320841
0.568236
0.86755
0.442778
0.0204957
0.0735148
0.232202
0.497761
0.775061
0.135501
0.898018
0.00700034
0.744884
0.331056
0.399567
0.954952
0.535225
0.552067
0.996522
0.128554
0.644082
0.529828
0.82864
0.126668
0.984515
0.433848
0.576012
0.535932
0.599979
0.183502
0.348546
0.0941903
0.00939317
0.470283
0.545993
0.816661
0.232496
0.287993
0.590902
0.981233
0.848453
0.963993
0.163124
0.584624
0.30372
0.270066
0.810677
0.378705
0.189938
0.238086
0.1425
0.308262
0.720529
0.449277
0.515272
0.239246
0.640381
0.139988
0.907175
0.396277
0.235947
0.137492
0.0162168
0.986956
0.260347
0.60159
0.290257
0.958235
0.0356528
0.88838
0.0675348
0.323619
0.560937
0.665844
0.733346
0.874391
0.126557
0.797092
0.396464
0.868834
0.45786
0.234067
0.266051
0.387774
0.904785
0.832027
0.431549
0.00562551
0.65566
0.631156
0.830268
0.198348
0.655847
0.196273
0.101465
0.945202
0.675626
0.916397
0.149863
0.704987
0.350449
0.84826
0.694993
0.733499
0.78365
0.141712
0.379738
0.568611
0.97273
0.857657
0.959175
0.176809
0.721608
0.755961
0.43426
0.326794
0.0750539
0.711742
0.543409
0.412734
0.860496
0.539521
0.641498
0.0963301
0.0275914
0.341376
0.567707
0.880893
0.978617
0.0791407
0.996858
0.359208
0.474571
0.304205
0.708368
0.815648
0.79067
0.0127219
0.393857
0.927374
0.628573
0.122999
0.766089
0.787202
0.515789
0.593475
0.711368
0.659038
0.0259303
0.230101
0.838102
0.958577
0.0026104
0.956915
0.0792433
0.754743
0.174804
0.480113
0.95549
0.599057
0.891016
0.691051
0.337293
0.53394
0.00491309
0.125937
0.148394
0.698844
0.4281
0.34929
0.221978
0.144691
0.936394
0.847924
0.340983
0.880046
0.472081
0.195526
0.971781
0.902868
0.142405
0.45043
0.574922
0.892083
0.558447
0.469113
0.555294
0.64861
0.454968
0.752312
0.528363
0.494097
0.998459
0.959836
0.722539
0.617818
0.0888162
0.205951
0.828007
0.872571
0.953126
0.444398
0.492363
0.451479
0.805834
0.481636
0.992143
0.16986
0.690325
0.539398
0.147617
0.0247888
0.513509
0.311487
0.109549
0.683747
0.526846
0.742379
0.404935
0.429807
0.799274
0.0691664
0.788714
0.359682
0.877113
0.732822
0.15799
0.884496
0.741373
0.421873
0.13576
0.837601
0.50434
0.923266
0.8733
0.864764
0.426435
0.0787721
0.678935
0.491226
0.972333
0.121362
0.254427
0.819447
0.417019
0.943152
0.049874
0.888938
0.0507321
0.794129
0.502114
0.0358474
0.320231
0.864249
0.890253
0.430301
0.890191
0.0741805
0.825808
0.86585
0.37607
0.0768512
0.642227
0.109548
0.76166
0.345415
0.250235
0.411059
0.917529
0.707888
0.25969
0.431171
0.609708
0.629093
0.0577308
0.851304
0.911049
0.909712
0.286262
0.0900795
0.701416
0.285648
0.692733
0.498956
0.686681
0.529635
0.71168
0.746388
0.694411
0.868304
0.422582
0.148498
0.374043
0.782326
0.0252165
0.88589
0.15025
0.00219639
0.539304
0.822916
0.894419
0.31239
0.770294
0.0919547
0.0943766
0.999485
0.224631
0.426494
0.319124
0.685995
0.646068
0.738964
0.139767
0.0043679
0.750708
0.928869
0.0772054
0.119746
0.660944
0.302871
0.0405223
0.893862
0.385199
0.461324
0.17055
0.852301
0.364659
0.0384927
0.927717
0.177396
0.202793
0.00403679
0.534391
0.649356
0.725578
0.364294
0.661311
0.043093
0.188332
0.0756593
0.380274
0.698144
0.525976
0.948386
0.988857
0.61885
0.570991
0.0862987
0.927463
0.458971
0.199527
0.0951756
0.826352
0.988903
0.696419
0.0690061
0.455255
0.832843
0.401964
0.901094
0.582062
0.00174065
0.727893
0.11163
0.127032
0.0591586
0.705406
0.33335
0.575184
0.907366
0.193541
0.694258
0.0200876
0.650811
0.436432
0.820066
0.721323
0.490663
0.485636
0.88396
0.493347
0.664215
0.453321
0.90238
0.24293
0.299669
0.378508
0.354176
0.802622
0.790131
0.740982
0.135887
0.0208715
0.91551
0.341099
0.0830747
0.595278
0.974509
0.82667
0.116662
0.108394
0.00834301
0.543786
0.668989
0.880453
0.831981
0.114228
0.953591
0.822275
0.769483
0.256975
0.767181
0.991083
0.565444
0.602999
0.963155
0.471341
0.493572
0.399716
0.211598
0.348656
0.184675
0.196117
0.858114
0.426448
0.0181017
0.456725
0.176856
0.346449
0.728334
0.0599769
0.697512
0.936778
0.633302
0.202678
0.270382
0.870471
0.728799
0.0168484
0.0925659
0.819286
0.221643
0.893461
0.259671
0.256764
0.0892714
0.756133
0.0359535
0.568381
0.184987
0.742244
0.691774
0.312056
0.281437
0.169002
0.850188
0.913409
0.883866
0.153249
0.69648
0.547369
0.243756
0.788565
0.977775
0.131298
0.510095
0.503166
0.403098
0.490682
0.417475
0.349792
0.173399
0.0811209
0.00677698
0.72804
0.545303
0.0959213
0.930636
0.772831
0.111329
0.900842
0.449772
0.827034
0.25565
0.247281
0.667548
0.734942
0.440533
0.530562
0.649423
0.77127
0.113697
0.690686
0.500267
0.0341531
0.00649142
0.220024
0.102137
0.770385
0.0860852
0.0193851
0.207292
0.627718
0.74611
0.167075
0.907411
0.237627
0.509737
0.59135
0.926049
0.733403
0.447987
0.41451
0.348085
0.0855481
0.990126
0.287604
0.0695018
0.814651
0.585494
0.376993
0.0602434
0.851688
0.586794
0.178436
0.933788
0.16343
0.630712
0.524522
0.692786
0.026467
0.371976
0.840057
0.647855
0.100012
0.614986
0.34634
0.994417
0.469415
0.371481
0.469392
0.146017
0.22571
0.492598
0.629116
0.328092
0.834847
0.200084
0.891992
0.137663
0.361213
0.957202
0.880256
0.0454526
0.0158065
0.508103
0.550409
0.756017
0.384794
0.850936
0.623013
0.31301
0.607471
0.778152
0.40019
0.725359
0.841212
0.447194
0.342845
0.0427527
0.355919
0.759118
0.242662
0.970559
0.577317
0.710109
0.634112
0.691738
0.229884
0.862226
0.499484
0.473125
0.299862
0.301965
0.170699
0.313719
0.403413
0.889437
0.0128638
0.275761
0.666246
0.445483
0.771893
0.462049
0.683519
0.121722
0.137154
0.820625
0.996664
0.548047
0.893775
0.556833
0.433654
0.97425
0.472044
0.0967416
0.835197
0.390106
0.76138
0.14684
0.97031
0.557433
0.726363
0.525844
0.530772
0.166421
0.959489
0.158374
0.611274
0.322393
0.716694
0.0771748
0.682247
0.167991
0.65958
0.575624
0.207656
0.498067
0.144712
0.475376
0.700512
0.262207
0.611259
0.464982
0.0644653
0.557678
0.0439702
0.566176
0.318374
0.977081
0.959328
0.821053
0.278172
0.308284
0.291894
0.552354
0.719478
0.450801
0.0727515
0.452644
0.869774
0.689753
0.520286
0.119298
0.39129
0.382556
0.690249
0.00425887
0.409083
0.516239
0.540353
0.77235
0.941623
0.934386
0.607459
0.547659
0.0072497
0.580421
0.445638
0.343824
0.177342
0.752688
0.402038
0.748348
0.749176
0.559856
0.743155
0.655113
0.424427
0.0732977
0.444669
0.159887
0.995281
0.318244
0.613658
0.774233
0.013784
0.0400071
0.405636
0.516705
0.163186
0.897954
0.038385
0.206837
0.590378
0.994579
0.542311
0.646879
0.192825
0.719872
0.778591
0.266024
0.131545
0.69301
0.797675
0.281321
0.0806752
0.0751116
0.980072
0.0746238
0.722368
0.309556
0.00943123
0.574245
0.618409
0.299734
-0.00162661
0.839783
0.132509
0.461387
0.0619365
0.598162
0.74816
0.772715
0.776066
0.732377
0.569802
0.406695
0.612982
0.169081
0.140747
0.473744
0.702847
0.834293
0.884274
0.880048
0.328105
0.233589
0.0122289
0.768828
0.530802
0.0902259
0.646692
0.728322
0.0610237
0.797445
0.166685
0.430279
0.484204
0.663241
0.368557
0.169219
0.0598296
0.754524
0.833319
0.922295
0.0267692
0.410806
0.655317
0.622982
0.349529
0.395574
0.786593
0.68349
0.390291
0.294477
0.317732
0.672682
0.425259
0.989293
0.79585
0.216757
0.0461965
0.979065
0.339324
0.312388
0.477563
0.869569
0.0565525
0.0920072
0.235865
0.298086
0.912907
0.327379
0.742677
0.777101
0.546272
0.483868
0.599586
0.635291
0.420769
0.831984
0.307467
0.84536
0.378067
0.518052
0.800808
0.135729
0.676479
0.144061
0.201226
0.927812
0.407338
0.0313806
0.781875
0.591629
0.524773
0.868311
0.905746
0.178719
0.355547
0.251858
0.00201356
0.0373691
0.541059
0.356111
0.209488
0.442942
0.847609
0.722643
0.137485
0.266292
0.297316
0.120274
0.507955
0.518618
0.475384
0.15507
0.893131
0.0237064
0.646222
0.94479
0.431106
0.357297
0.605314
0.622295
0.311671
0.55942
0.203279
0.447018
0.242234
0.583926
0.663105
0.46983
0.934735
0.679583
0.68357
0.791747
0.119871
0.000444379
0.341552
0.185302
0.806965
0.434405
0.173409
0.00179279
0.617594
0.784515
0.737824
0.934957
0.934008
0.119708
0.519775
0.259547
0.385009
0.797069
0.697809
0.964216
0.464316
0.509722
0.802623
0.318414
0.826896
0.896171
0.578254
0.866772
0.350935
0.624246
0.804715
0.0349674
0.241764
0.113835
0.767217
0.406345
0.571099
0.159384
0.437856
0.0494481
0.384413
0.189741
0.0566998
0.452261
0.344511
0.274205
0.966933
0.309098
0.937398
0.8535
0.760025
0.214298
0.232133
0.60627
0.717438
0.503101
0.877212
0.332802
0.8108
0.036992
0.0730373
0.206209
0.239402
0.104973
0.769924
0.0514456
0.277604
0.370458
0.0833827
0.405575
0.339921
0.102795
0.715709
0.0197901
0.0238345
0.166571
0.739036
0.529204
0.73949
0.578435
0.294014
0.792991
0.0107046
0.655541
0.379168
0.454115
0.549701
0.180636
0.896986
0.774061
0.82463
0.0942532
0.955945
0.485519
0.798134
0.70033
0.498169
0.515906
0.65456
0.483229
0.975432
0.54621
0.24723
0.50794
0.324842
0.594129
0.563095
0.698207
0.28519
0.0288353
0.819936
0.51582
0.15894
0.85664
0.30184
0.842729
0.353766
0.786935
0.314829
0.406628
0.634587
0.519161
0.665709
0.907372
0.058493
0.0178421
0.523686
0.372571
0.732616
0.461367
0.559124
0.874551
0.784801
0.231932
0.366121
0.296754
0.573598
0.20581
0.484561
0.805197
0.257886
0.152255
0.230213
0.994624
0.221154
0.707572
0.668332
0.421184
0.154601
0.35977
0.100192
0.803113
0.956612
0.0655649
0.262326
0.230896
0.913448
0.684185
0.326864
0.148678
0.441474
0.580637
0.223314
0.351811
0.543324
0.719043
0.872088
0.137246
0.901373
0.918824
0.259179
0.802655
0.245576
0.74175
0.905408
0.899975
0.131855
0.389465
0.732831
0.127428
0.546162
0.654022
0.416537
0.662928
0.0418526
0.0734628
0.417254
0.247275
0.879074
0.409733
0.896369
0.231544
0.39384
0.465114
0.12825
0.866471
0.285081
0.256807
0.704424
0.73533
0.161331
0.835962
0.547386
0.947881
0.106077
0.635895
0.507675
0.166658
0.335051
0.66064
0.662836
0.0419423
0.468614
0.0746549
0.149968
0.0971965
0.108645
0.711474
0.944799
0.710987
0.234264
0.200502
0.46902
0.202204
0.43071
0.812818
0.751707
0.117443
0.118501
0.574153
0.309753
0.285507
0.890014
0.70564
0.165237
0.379542
0.30492
0.681266
0.531789
0.931692
0.279064
0.670509
0.712298
0.583448
0.961113
0.857886
0.969916
0.272845
0.963495
0.902924
0.717162
0.214226
0.44054
0.514166
0.578084
0.246603
0.535329
0.744045
0.335894
0.783521
0.693667
0.064681
0.582993
0.126503
0.624148
0.976052
0.633958
0.80558
0.936342
0.269529
0.198214
0.195343
0.351135
0.0802721
0.203805
0.984532
0.754551
0.205165
0.407406
0.782408
0.912119
0.975132
0.659442
0.704555
0.663105
0.806192
0.849659
0.92639
0.882728
0.671063
0.18082
0.980204
0.926296
0.137708
0.620327
0.558331
0.417646
0.501902
0.210987
0.506346
0.822455
0.763717
0.318849
0.32394
0.163607
0.722311
0.10601
0.827686
0.801278
0.513746
0.283149
0.685313
0.753917
0.216315
0.139655
0.478233
0.791501
0.160287
0.0900736
0.156033
0.852489
0.930203
0.496617
0.469116
0.393868
0.27439
0.164114
0.70773
0.261583
0.292849
0.355578
0.741359
0.680428
0.52264
0.652641
0.827744
0.0668806
0.804358
0.739578
0.303732
0.796136
0.177648
0.876034
0.973497
0.476129
0.807743
0.718753
0.505348
0.308542
0.39107
0.548411
0.194977
0.610041
0.370044
0.984913
0.96046
0.471482
0.605247
0.133919
0.113398
0.997348
0.105443
0.0539155
0.523928
0.608966
0.850085
0.480868
0.335249
0.182223
0.157445
0.240364
0.214944
0.123977
0.980374
0.393448
0.811997
0.877347
0.982918
0.00476454
0.348623
0.661562
0.978674
0.494844
0.95999
0.200197
0.25033
0.332629
0.711961
0.208874
0.674413
0.459341
0.614022
0.23094
0.0619071
0.495502
0.564958
0.910244
0.884692
0.168946
0.0843484
0.265989
0.549477
0.376405
0.312706
0.777195
0.598901
0.332659
0.95354
0.276855
0.956453
0.823645
0.989661
0.394169
0.633521
0.028918
0.432849
0.896381
0.112942
0.370266
0.60876
0.834952
0.00508867
0.601429
0.231371
0.54724
0.70885
0.35384
0.91508
0.65203
0.054002
0.960316
0.649646
0.906836
0.150264
0.685476
0.38243
0.614557
0.641022
0.723712
0.470645
0.268306
0.383914
0.956306
0.897021
0.475901
0.634479
0.461051
0.416167
0.0911557
0.0609639
0.102612
0.652601
0.238589
0.0690332
-0.000659536
0.990957
0.207388
0.030294
0.987761
0.9791
0.252019
0.777408
0.196712
0.859427
0.480896
0.62124
0.430115
0.0461681
0.225146
0.68577
0.25335
0.461111
0.284286
0.158345
0.268921
0.21247
0.250272
0.00713953
0.637564
0.852515
0.520983
0.266864
0.539391
0.714136
0.436987
0.678796
0.613571
0.427217
0.274485
0.970858
0.500153
0.621845
0.00350082
0.319601
0.477555
0.575037
0.550509
0.301775
0.511742
0.194443
0.0722121
0.987583
0.692863
0.657698
0.732536
0.151549
0.773257
0.271388
0.224879
0.995893
0.669984
0.349636
0.610884
0.0334301
0.294293
0.826262
0.203374
0.212342
0.359139
0.850419
0.137471
0.938833
0.588459
0.328671
0.374043
0.222594
0.0271092
0.570111
0.511415
0.586517
0.407761
0.838956
0.957406
0.00853072
0.00788122
0.090275
0.917546
0.236519
0.863631
0.425248
0.962396
0.262861
0.31708
0.621759
0.524082
0.399582
0.33833
0.195927
0.559644
0.258214
0.731019
0.81407
0.238246
0.171713
0.860467
0.0451857
0.622927
0.439106
0.529419
0.382362
0.706861
0.759239
0.614793
0.335199
0.812668
0.257563
0.763719
0.173126
0.0976771
0.299034
0.311128
0.0201936
0.542221
0.870972
0.153791
0.638071
0.815885
0.41177
0.997922
0.990824
0.967321
0.538464
0.558947
0.834536
0.519786
0.0216209
0.187384
0.75561
0.461906
0.644517
0.0811508
0.65315
0.483047
0.924499
0.396903
0.615835
0.760754
0.40616
0.291933
0.340161
0.91634
0.249838
0.25434
0.825759
0.749052
0.831283
0.809519
0.428872
0.436822
0.967614
0.154439
0.0253452
0.783718
0.65966
0.558322
0.499199
0.941683
0.112462
0.181066
0.811375
0.919895
0.697641
0.637423
0.405278
0.148885
0.589626
0.0520355
0.0108565
0.734061
0.70988
0.382816
0.530401
0.278001
0.0734185
0.743521
0.405977
0.486644
0.714658
0.0161481
0.476223
0.378216
0.311266
0.105813
0.411551
0.33005
0.0120227
0.356367
0.253035
0.793149
0.849394
0.718205
0.225958
0.258154
0.984008
0.104044
0.362457
0.325459
0.979229
0.813425
0.353317
0.615492
0.987036
0.0892106
0.643514
0.986053
0.561718
0.982432
0.97555
0.260446
0.129765
0.905408
0.534608
0.566531
0.72394
0.746844
0.710524
0.87389
0.433858
0.888163
0.380778
0.537506
0.0974269
0.352833
0.540503
0.12176
0.208949
0.506326
0.529134
0.35465
0.903221
0.867145
0.755531
0.222346
0.488903
0.30753
0.0202302
0.810175
0.0917034
0.511166
0.84768
0.186551
0.527073
0.44267
0.0503427
0.22386
0.0311184
0.537069
0.962901
0.864471
0.651825
0.800099
0.453344
0.150192
