9, 9, 32, 3
0.0188626
-0.0304658
0.0357672
0.0281023
-0.0117865
-0.0132803
-0.0278058
0.0203392
-0.0221961
-0.0485551
0.0200306
0.0381893
0.026206
-0.00941164
-0.0929542
0.0118557
0.035695
-0.114855
-0.0594239
0.0213005
-0.0651231
0.0417073
0.00410606
0.0903069
0.00913595
-0.123854
-0.0593878
-0.0178424
0.0198809
-0.0151289
-0.0258513
-0.049067
-0.00680165
0.0278261
-0.00437226
-0.0291837
-0.0370791
0.0156513
0.0176967
0.0254213
-0.00938059
-0.074211
0.0176189
-0.0116854
-0.0595217
0.00624265
-0.0136938
-0.040519
-0.0178244
-0.0436074
0.031901
0.0269568
-0.0279524
-0.0387552
0.0417737
-0.0326274
0.0489492
-0.0149643
0.0358379
-0.0732134
0.0058254
0.0280821
-0.0295098
0.070647
-0.0278175
0.0695518
-0.0322356
-0.0943015
-0.0213031
-0.0718396
0.00560771
0.0581529
-0.0426415
-0.00389861
0.0386229
-0.0386561
0.0746651
0.0214501
-0.00807804
-0.0506584
0.0881754
-0.0401891
0.000128436
0.0391737
-0.00993202
0.0240293
0.00188772
0.0469882
0.0269448
-0.0640781
-0.0123083
-0.0458787
-0.00683506
-0.0300945
0.122977
0.0784807
-0.0582155
-0.0955622
-0.0949317
0.0278559
0.0135979
-0.0683742
-0.0469556
0.015538
0.00764231
0.00874897
-0.0450416
0.0405772
0.0190371
-0.0456083
-0.0298319
0.0253869
-0.104828
-0.019072
-0.000857094
0.0416775
-0.0189038
0.00382688
0.0254797
-0.0206328
-0.00852666
-0.00566905
0.0332139
-0.0303995
0.0750487
0.0796683
-0.0805614
0.036974
-0.0254572
-0.0442045
-0.0674266
-0.13814
-0.0676206
-0.0169427
-0.0533916
-0.0097655
0.0169925
0.0776654
-0.0438986
0.0685207
-0.0663424
-0.0536742
-0.002419
-0.0447696
0.0137751
-0.0105013
-0.0761394
0.0260894
-0.0118136
-0.0593018
0.00903814
0.0236375
0.0452701
-0.0363777
-0.00647052
-0.0239237
-0.043001
0.0248691
-0.015522
0.0149948
0.0629849
0.0878702
-0.0547966
-0.0737006
-0.0215672
-0.0204785
-0.0829877
-0.0153474
-0.0717408
0.0219587
-0.0625094
-0.00318714
-0.0432835
-0.00480917
0.0229261
0.0683028
0.0255404
-0.090398
-0.0554738
0.0568764
-0.0674298
-0.16778
-0.134652
0.0711319
-0.0669394
-0.0150576
-0.0288252
0.0664896
-0.0805386
-0.00192349
0.0837426
0.032064
-0.0281393
-0.0769181
-0.131295
0.0243052
-0.00773182
0.0450724
0.0266817
-0.0897834
0.00960496
-0.0507953
-0.038169
0.0915407
0.00629102
-0.00265473
-0.0693244
0.0744784
0.0595616
-0.0245915
-0.0543379
-0.109704
0.0351616
-0.00184149
0.0073137
0.00836749
0.070388
0.0235919
0.0992867
0.0116431
0.0226033
0.00515751
-0.0459103
0.0235362
0.0510588
-0.164111
0.0871644
-0.00151028
-0.0722448
-0.0596082
0.00570449
-0.00148468
-0.0505611
0.0302909
0.0151597
0.0231151
-0.0688269
0.0024108
-0.0694483
0.0340322
-0.00182298
0.0408306
0.0139913
0.0722471
0.011502
-0.00602734
-0.0416347
0.0326639
0.0262696
-0.0125646
-0.0259961
0.000218428
-0.0108968
-0.0939761
0.0721851
0.00972238
0.00157759
0.0970911
-0.0594349
0.0086338
-0.0606513
-0.0564984
-0.115877
-0.00460129
-0.0893985
-0.0739108
-0.00983103
0.00174417
0.00699169
0.0154783
0.00109322
0.0983033
0.0837399
-0.161645
-0.0313861
-0.0268914
0.0393771
-0.0776433
-0.0462955
0.00235918
-0.0273921
0.0175777
0.00840471
0.0615554
0.00285663
-0.0134838
0.0277515
0.0710099
-0.0262214
0.0251228
-0.0905577
0.0305709
-0.0650747
-0.0117999
0.025816
0.00168103
-0.00122062
-0.0472843
-0.0185026
-0.0592861
-0.00197968
0.068668
0.0155003
0.00947308
0.0121244
-0.109663
-0.0160392
0.0186774
0.00456959
0.0307714
0.0154666
0.125332
0.036054
0.0244203
0.0120164
0.0238299
-0.05083
0.0924023
0.0486392
-0.0372011
0.0182105
0.00449078
-0.129299
-0.063789
-0.105837
-0.0533997
-0.0409587
0.0702694
0.0476895
0.0547991
-0.0211265
-0.088092
-0.0704595
-0.0322647
0.0446949
0.0291876
0.0242228
0.0365956
0.0262298
-0.000626564
0.0384444
-0.0364052
-0.00318223
-0.00649008
-0.0694472
0.0452555
0.0286898
0.00464091
0.042436
-0.0169198
0.0262162
0.0022262
0.0287494
0.0533186
-0.00043679
0.0409122
0.0330771
-0.00535657
-0.0454791
-0.0675545
-0.0330025
0.0117975
-0.0454416
-0.00631651
0.00870592
-0.0648415
-0.0364627
0.0377252
0.00249754
-0.0404112
0.0462175
0.0160619
0.0376971
-0.0837359
-0.0445409
0.0140768
-0.0306885
-0.0308425
0.0893053
0.00614617
0.0866103
0.00662366
0.0123441
-0.0639473
-0.0276828
-0.0512864
-0.0662832
-0.0747864
-0.103875
-0.0809296
-0.0385376
0.0254145
0.014057
0.0177044
-0.0702398
-0.0652908
0.00790691
0.0293231
-0.0135158
0.0650364
0.0564489
-0.0837136
0.0504692
0.0751569
-0.0754494
0.0332309
-0.0599007
0.0293621
0.0772132
0.00170308
0.00750489
-0.0873614
0.00725189
-0.000740211
0.023259
0.0331836
0.0406958
-0.0144211
0.000652303
-0.0535232
-0.0469343
-0.0260386
-0.123871
0.106227
0.0554974
0.0772009
-0.0179311
-0.0157103
-0.0921258
-0.0241706
-0.0106654
-0.012218
0.012865
0.0542273
0.0133667
0.0204665
0.0407698
-0.0633477
-0.051259
-0.0781521
0.0173966
0.0235901
0.0998999
-0.0462638
0.0612646
0.0763245
0.073127
-0.018748
-0.0678433
0.000493364
0.0412082
-0.0919664
-0.015066
-0.00712385
-0.0410967
-0.0452669
-0.0175915
0.00565199
0.0291787
-0.00431632
-0.0197703
-0.0256105
-0.0642801
-0.0502218
0.109611
-0.0569251
-0.11109
-0.0315138
0.0994552
0.0259173
-0.0134282
-0.0117316
0.0303481
0.00516863
-0.0526681
-0.0163256
0.00970362
-0.051898
-0.0451603
-0.0219081
0.0373558
-0.016398
-0.00736655
0.0250306
-0.0493118
-0.0912943
-0.021292
0.0297251
-0.0216741
0.0485393
-0.0362786
0.0727853
-0.0332859
-0.018403
0.109077
0.0601684
-0.0890407
-0.00734504
0.0519591
-0.046081
0.00876903
0.0151305
0.0189803
-0.00101567
0.0146797
-0.0430062
0.0430626
-0.00664281
0.0963386
0.00563281
-0.0798862
0.017971
-0.0232831
-0.000979362
-0.109729
-0.0456718
-0.0275362
0.0132265
-0.0460804
0.0797931
-0.0247303
0.0844769
0.0222933
0.0746775
-0.0285883
0.0390597
-0.0104699
0.030868
-0.00430593
-0.00215492
-0.0250364
0.0144621
-0.0598866
-0.0867451
0.0621788
0.0726116
0.00340019
0.020789
0.0641122
-0.0370867
-0.00768105
0.0420542
0.047682
-0.0290518
0.000230671
0.0146615
-0.0759966
-0.0602153
-0.00468747
0.0117379
0.0337757
-0.0306119
-0.0477414
0.000763005
-0.0420597
0.031652
-1.86955e-05
0.0146312
-0.120512
0.0337439
-0.00990806
0.0127687
0.0672568
0.0595027
0.0607574
-0.0171122
0.0272842
0.00933253
-0.0654067
-0.0100418
0.0438363
0.0617907
-0.0708416
0.00918731
0.0236786
0.108295
0.0602099
-0.00279939
-0.0189045
0.0209297
-0.0431168
0.0109404
0.0264993
-0.078228
-0.0453258
0.025882
0.00182168
0.0958759
-0.0331414
0.106186
0.0315266
0.0176634
0.0477708
-0.0402832
0.00856409
0.0712305
-0.0132465
-0.036092
-0.00525475
0.00434354
0.0615124
-0.128078
0.0144879
-0.00509338
0.0255846
-0.0460321
-0.129599
0.0157658
0.00543309
-0.044566
0.0439924
-0.0601667
0.0125351
-0.0167206
-0.0529768
0.0322961
-0.00139631
0.0674953
0.075628
0.0354708
-0.0210001
0.0591536
-0.0822267
0.061757
-0.0157327
-0.00813318
0.0762764
0.0814201
-0.00382739
-0.0484074
0.0384994
0.044023
-0.0660896
-0.00487563
-0.0300411
-0.0405643
0.0593084
-0.0108707
0.04734
-0.103705
-0.0248958
-0.0429721
-0.0242861
-0.0385074
-0.0412734
0.0562859
-0.0873286
0.0262827
0.00153959
-0.0666271
-0.0282171
-0.0550087
-0.111337
-0.0352522
-0.043965
0.0579974
0.0989024
-0.0408996
0.0820623
0.0510446
0.0146624
-0.030122
0.0174347
0.0342989
-0.106325
0.0704737
0.00281805
-0.0233989
0.0094081
0.0272277
0.0413673
0.0389324
0.0206606
0.0403836
-0.138859
0.0283028
0.011097
0.0237338
0.00411109
-0.0315337
-0.0393795
0.0130989
0.0436821
-0.0471178
-0.0122418
-0.0119323
-0.0610542
0.0447807
0.0648608
-0.119863
-0.0114012
0.0563888
-0.0225138
0.0470219
0.0335852
-0.0181948
-0.0758398
-0.0318987
-0.0268082
0.0202397
-0.0600445
0.0761478
-0.00733389
-0.0734291
0.00964161
-0.0712154
-0.0763366
-0.035228
-0.0550097
-0.0343113
0.031067
0.0407121
0.0422406
0.0403464
0.0299976
-0.0849487
-0.0825913
0.0344361
0.0313583
0.0287691
0.0174338
-0.10078
0.0429757
-0.0148155
-0.048552
0.0378355
0.0957968
-0.00653884
-0.0268303
0.0631485
-0.0451269
-0.0638532
0.0086606
0.0160058
0.0538075
-0.044541
-0.0500002
-0.00671976
-0.109354
-0.0188449
-0.0321438
-0.0241475
0.00903423
-0.0895572
-0.14081
-0.0289303
-0.0899305
-0.0163371
-0.115587
-0.0973434
-0.0409947
0.0935537
0.096936
-0.0761181
-0.0471131
0.0405151
0.0215243
-0.151652
-0.000442404
0.0858977
0.0309988
0.0164951
0.0875166
-0.045794
-0.041671
0.00317843
0.0656119
0.0207416
0.00121494
-0.0279355
-0.0768171
0.0402354
0.118195
-1.87361e-05
-0.0557785
0.00804292
-0.0570346
0.0310723
0.00387066
-0.0637089
0.0335198
0.0575359
-0.0035471
0.057233
0.108706
-0.0152541
0.0462851
0.0313782
-0.148386
-0.00265994
-0.0791282
0.0643711
0.0367103
-0.113498
0.013695
0.0389631
-0.0223022
0.0054521
0.00021964
0.0134335
-0.0429175
-0.038964
0.0223592
-0.0742565
-0.0149733
-0.00456619
-0.04488
-0.00754422
-0.062154
-0.0355799
0.00540831
0.0485945
-0.128791
-0.0261347
0.0116526
-0.0553255
-0.00147868
0.00296154
-0.017781
-0.0346788
0.015227
-0.0503747
0.0652349
-0.00113235
0.0046644
-0.0191927
-0.000330821
-0.0800024
0.0485039
0.0886831
0.0313676
0.000722204
-0.0734914
0.0486704
-0.0348792
-0.0541506
0.00399683
-0.052881
0.017003
-0.0585888
-0.0565968
-0.0797123
0.00391726
0.0599213
-0.0112532
0.00879716
0.0222775
0.0096902
0.0678494
-0.0591559
-0.0864649
0.0397149
-0.0103771
-0.00226783
0.0201444
0.0345493
0.00424089
-0.0742406
0.0122277
0.047339
0.0570141
-0.0197622
0.0331455
0.0536022
-0.0417541
0.0195694
-0.0278913
-0.0337503
-0.000511365
-0.00652503
-0.00629863
0.0126774
0.0109019
-0.0170647
-8.73214e-05
0.06239
-0.0167257
0.0608603
0.0703516
0.0335982
0.0389198
-0.0661281
0.0178056
-0.0273511
0.0648397
0.0457512
-0.0536033
0.00377369
-0.00280134
-0.0333746
-0.0244128
0.0597412
0.00144582
0.12503
-0.019688
-0.0289402
-0.0350074
0.0139215
-0.0346634
-0.0703973
0.00294224
0.0338556
0.0389387
-0.00138317
0.0151034
-0.0021235
0.013453
0.0777819
0.079946
-0.0450524
-0.0325196
0.0631343
-0.0166628
-0.105898
0.067908
0.0121926
-0.0335352
0.0319444
0.00995096
0.0160412
-0.0514235
-0.0189121
0.0441591
0.0113019
-0.040296
-0.00624753
-0.0156926
0.0460029
0.0627254
0.0587664
-0.0771113
-0.0582851
-0.106567
0.00727316
-0.0590537
-0.0788717
-0.0575428
0.0019962
-0.049129
-0.0175919
-0.0886337
-0.0767972
0.070982
0.0397471
-0.0226955
-0.0731528
-0.0426504
0.0190457
-0.0288817
-0.0371624
-0.037102
0.0085807
0.0289943
0.0171808
0.0359461
-0.0264372
-0.0424113
0.00426822
0.0229554
-0.0280788
-0.0042071
0.0199321
-0.0369986
0.0144338
-0.000586686
-0.0918733
-0.174847
-0.103877
-0.0215247
0.0101732
-0.0042762
-0.03126
0.0365649
-0.0231637
0.0272552
0.0363185
0.0619044
-0.011871
-0.0421774
-0.133719
-0.11853
0.00661902
-0.026528
0.0347197
-0.0266614
0.0179981
-0.0197071
0.00872428
-0.0145173
0.0817056
-0.109111
-0.00471741
0.0080463
-0.0676691
0.00399631
0.0213012
-0.0377667
-0.087785
0.0222319
0.00510426
-0.0384296
-0.0367379
-0.000578531
-0.0438111
-0.0764763
-0.0464157
0.0441694
-0.00678539
-0.0432341
0.00220454
0.0402552
-0.0419546
-0.0758383
0.00628524
-0.0314365
-0.0401965
-0.0198571
-0.00455893
0.0203275
-0.0477685
-0.0134413
-0.0387382
-0.111064
-0.0397318
-0.00937882
0.024108
-0.182129
-0.06985
0.00423923
-0.0100329
-0.069721
-0.129483
0.00589147
-0.0463851
0.0474877
0.00673242
-0.0347385
-0.0711451
-0.0081065
-0.010664
0.0437115
-0.192648
-0.211394
-0.0772215
-0.029196
-0.0149379
0.0214991
0.0187456
-0.0240538
-0.0679728
-0.0192463
0.0228027
-0.0434927
-0.0350312
-0.0062904
0.0681098
-0.0283072
-0.108777
-0.0329979
0.0301902
0.0288661
-0.12168
0.0107253
0.0430464
-0.0261154
-0.0412908
-0.086874
-0.0623217
-0.0373605
0.0255107
-0.126459
0.028833
-0.00646036
0.0737464
-0.0259896
-0.00940226
-0.0033167
0.00435671
0.0448495
0.0110097
0.0790598
0.0385253
0.0375386
0.0413561
0.0828945
0.00435178
-0.0279016
-0.037735
0.0508669
-0.0161676
-0.0737034
-0.0742522
-0.0244913
-0.000599509
-0.0085305
-0.0289322
-0.0456268
0.00352083
-0.0017641
-0.0634531
-0.0330361
0.00567528
0.0344871
-0.0348063
0.0435211
0.0142715
-0.0631435
-0.0211891
0.0978769
-0.0747682
-0.0817157
0.0585004
0.00157334
0.0327029
0.0166793
0.00867119
-0.0616442
0.0262422
0.0142936
-0.0416464
-0.00608046
-0.0864538
-0.00790278
0.00189766
0.0174733
0.00579931
-0.0330443
-0.0412852
-0.0808575
-0.0935831
-0.018275
-0.184562
-0.00237219
-0.00160703
-0.014304
-0.0242038
-0.0905717
-0.138144
-0.019935
-0.0612708
-0.0248887
-0.0591691
-0.0523462
0.00651621
0.136121
0.0144075
0.000684716
-0.0241521
-0.0391443
0.0351198
-0.0109302
-0.0396463
-0.0401062
-0.0208006
-0.127778
0.0385701
-0.0728621
-0.0518108
-0.0184441
0.00111538
0.0476314
-0.0598246
-0.0772841
-0.110379
-0.000217504
0.0967776
-0.0216719
-0.0121785
0.00962039
0.0382618
-0.126905
-0.091836
-0.0628931
-0.0459035
7.40942e-05
-0.028651
0.106953
0.0638145
-0.0512495
-0.0874957
0.0791822
0.0585714
-0.0408766
-0.0385985
0.0133803
-0.0382712
0.0246692
0.0456717
-0.0338799
0.020299
0.0890808
0.0679627
-0.0325914
-0.0307905
0.00236055
-0.0191989
-0.0196753
-0.0304536
-0.0896734
0.061078
0.00226155
0.127886
-0.0692757
0.0170071
-0.00475431
0.0302962
-0.0598001
0.00797548
-0.00557476
0.0604155
0.0820019
0.132483
0.00473992
0.0452152
0.0435719
-0.00910934
-0.100333
-0.0488745
-0.0414789
0.0298844
-0.0445508
0.0548627
-0.0752976
-0.0685589
-0.142448
0.0443702
-0.0221329
0.0300594
0.023738
0.0410711
-0.0652769
0.046469
-0.0470082
-0.0868065
0.0385271
-0.0858185
0.0346586
-0.0169766
-0.00528106
-0.0406059
-0.0133817
-0.00712096
-0.0086183
0.0476222
0.0716269
-0.0175584
-0.0363965
-0.0359182
-0.020361
0.0463957
0.0189752
0.00828274
-0.00124449
-0.00822486
0.0104198
-0.0109665
0.00851261
-0.0353083
0.0194293
-0.0421628
-0.0265536
0.00671859
0.00181531
-0.00541273
0.0091537
-0.202388
-0.0197098
-0.0162467
-0.01705
0.0339126
-0.0136098
0.0500468
-0.00962982
0.0277561
0.0480205
-0.0598982
0.0120521
0.0873579
0.0315922
-0.0105322
0.0441374
-0.00180546
0.0322171
-0.0797394
0.0544108
0.104465
0.0809051
0.0720487
0.0412875
-0.00980329
-0.00300557
0.00523199
0.0938052
-0.00431514
-0.0324177
0.0684625
0.0235387
-0.108188
0.0151048
0.0915928
-0.0594355
0.0396331
0.0780343
0.118597
0.0836828
0.10325
0.116261
0.0837602
-0.0556037
-0.0312849
0.0437722
-0.0591411
-0.0408418
-0.086423
-0.085147
-0.0222177
-0.0164907
-0.0189444
-0.00345445
-0.132173
0.0359105
0.0382127
0.0201363
-0.0572613
-0.0466951
-0.030912
-0.0647892
-0.0365229
-0.0607281
0.0362981
0.0897917
0.0541777
0.0393462
-0.0564199
-0.101419
-0.00143618
0.00714314
-0.101405
0.04781
-0.00261192
0.00709674
-0.0349247
-0.0432604
-0.158394
0.0662429
0.0080066
0.083866
-0.000261102
0.0250424
-0.0440279
0.00358535
-0.0220955
0.00311763
0.0404177
-0.0286811
-0.0435436
0.0284625
0.0187361
-0.00242807
0.0251369
-0.0384623
-0.0120461
-0.0228339
0.0111438
0.0185078
-0.0547135
-0.0319536
0.10415
0.0155536
0.0478619
0.0113425
-0.00749539
-0.0873536
0.0416281
-0.0335112
0.0633127
0.0580975
0.0108983
0.099385
0.0283206
0.0816417
0.0856573
0.0662806
0.0823564
-0.0228489
-0.0231872
0.089814
-0.0380191
-0.0191433
-0.000478613
0.0106917
-0.0613891
-0.022221
-0.00134
0.0177907
0.0548178
-0.0457514
0.0347516
0.0663594
0.131177
0.0519607
0.0613779
0.074177
-0.00920133
0.0392455
0.0373668
-0.00200968
-0.0788531
-0.124106
-0.0262564
-0.0490899
-0.0636693
0.0161989
0.0380901
0.0444494
-0.0917044
0.0465095
-0.0283572
0.0370381
0.0550445
0.0163879
-0.0422978
-0.0324435
-0.0142308
0.0847784
0.0191276
0.0433654
0.0671848
0.0110038
-0.00100519
0.0500581
0.0510107
-0.0121615
-0.0692864
0.00603463
0.000309158
-0.00290179
-0.00194421
-0.0435054
-0.0249449
0.0268611
-0.0532737
0.00777323
-0.000791226
-0.0158587
-0.0960732
0.0630629
0.0114797
-0.051421
0.0355462
0.00443462
0.0479497
-0.0403283
-0.0326891
-0.218796
0.0256415
-0.137229
0.0648765
0.00277432
0.0232278
-0.0341816
0.0330739
0.0467605
0.0883246
-0.0432441
-0.0546673
0.00355882
0.0140066
0.0617288
0.010749
0.00392356
-0.0179739
-0.0356741
0.00655618
0.0267684
-0.0323915
0.0399924
0.056885
0.0288453
0.0297839
-0.00516737
0.0374734
-0.00418463
-0.0506406
-0.0212447
-0.0366698
0.0439124
-0.0333273
0.0457164
0.0324578
-0.112306
-0.0494378
0.0470755
-0.0818804
0.00532095
0.0767925
0.0287697
0.0173553
0.0452121
0.00381508
-0.0208015
-0.00241415
0.0314163
-0.0284177
0.0244181
-0.0675592
-0.136424
-0.0619049
-0.0374654
0.00586916
-0.0175414
-0.0163481
-0.0809865
-0.0451724
-0.00841762
-0.0376089
-0.0511259
-0.0457052
-0.0434805
0.0241608
-0.0284501
-0.0603861
0.0403993
0.0559398
-0.0461276
0.00968199
-0.0423865
-0.0603578
-0.0298491
-0.137889
0.0886326
-0.0379428
-0.0796326
0.0268002
0.0131603
0.0691334
0.0152835
0.0418543
-0.11547
0.0250579
-0.0949998
-0.0268979
-0.0248687
-0.0745082
-0.0390331
-0.0652015
-0.0299402
-0.0095297
0.0157219
0.0591199
-0.00597973
-0.00327379
0.047815
0.0265905
-0.0273064
-0.108671
-0.0131631
0.035745
0.0133503
-0.0366449
-0.0431469
-0.0447146
-0.11128
0.0461282
-0.0246402
0.0604775
-0.0967135
-0.0531276
-0.0336316
-0.0453384
0.0781037
0.0589018
0.0342846
-0.0225411
-0.0129467
0.0792271
-0.0294702
0.0223417
0.0748615
-0.0220409
-0.0812386
-0.0276954
-0.066354
0.00218094
0.000651215
0.00700045
0.00545911
-0.10861
0.00744133
0.0250736
0.0195219
0.0569076
0.00606927
0.0214508
-0.0716266
-0.0175513
-0.058081
-0.0559391
0.0353575
-0.0846218
-0.0205909
-0.030742
-0.0423941
-0.0611064
-0.0502282
-0.0292283
-0.0428789
-0.0400845
-0.0721182
0.0196752
-0.0819469
0.020534
-0.0324788
-0.0578077
-0.0319052
0.0387974
0.053428
-0.184247
-0.121985
-0.00896929
-0.0809569
0.0390509
0.0437379
-0.0542944
-0.0396728
0.0232286
-0.0263749
-0.0683831
-0.0408046
0.0171094
-0.0255678
0.0951902
0.0147343
0.0332272
-0.0424809
-0.0211632
-0.0327691
0.00908514
-0.0139677
0.0489111
0.0316378
-0.00858164
-0.0549146
-0.0596106
-0.000881899
0.0330149
0.00154424
0.0860597
0.0456053
-0.0802225
0.00554887
0.0372218
0.0058641
0.031509
0.0124587
0.0283607
-0.00364849
-0.00867335
-0.0789356
-0.00241029
0.00627366
0.0416013
-0.00512917
-0.0625074
-0.0740059
0.0987024
0.0289081
-0.0176511
0.0155906
0.0606423
-0.0127169
-0.0173203
-0.0217389
0.00258859
0.0724969
-0.00236153
-0.00305867
0.0107269
0.0202837
0.0917155
0.0573056
-0.0270808
0.0929374
-0.0155827
-0.0478091
-0.0108799
-0.0238503
0.0294961
0.0316136
-0.0270261
-0.0651964
-0.0256228
0.0198977
-0.0221738
0.0414297
-0.0885032
0.00478183
-0.0541119
-0.0546629
-0.044798
-0.0778063
-0.0132628
0.0180891
-0.11568
-0.0366709
0.016402
-0.0432302
0.0107137
0.00364879
-0.067228
-0.0090259
0.0317768
0.058147
-0.121581
-0.0154135
0.0120165
-0.00431072
0.0482799
-0.00973455
-0.0322727
-0.0430887
-0.0355063
0.0158902
0.09497
-0.0445045
0.0101141
0.0425325
0.0066724
0.00271317
-0.0384414
0.0703189
-0.0245982
-0.080807
0.0694666
-0.0294848
-0.0555314
0.039593
-0.0723167
-0.0944474
-0.0678156
0.00300865
0.0543753
-0.111632
0.0687486
0.024965
0.127688
-0.115118
-0.0482669
0.0482941
-0.0274257
-0.0199149
-0.0187241
-0.00559613
-0.0020385
0.0427398
-0.00333556
-0.0156382
0.00434206
-0.11782
0.0172164
0.0335094
-0.0345878
0.00155409
0.0716298
-0.0233466
-0.00999904
-0.0337633
0.0639871
-0.0664003
0.0394717
0.0313538
0.0461533
-0.0158088
-0.0297818
-0.00113906
0.083736
0.0138372
0.108781
-0.0591788
-0.0712749
-0.0210328
0.0165846
-0.0380805
0.0516662
-0.0363809
-0.0298285
-0.019131
0.00188934
0.0233893
-0.0751486
0.0759716
0.00330973
0.0267041
-0.0519614
-0.0601398
-0.0304444
-0.0208746
-0.0366943
0.035476
-0.0136512
0.0401736
-0.0446195
0.0674679
-0.0192886
0.0156191
-0.0695139
-0.0349531
0.0498849
-0.118155
-0.185731
0.0689189
-0.0451127
-0.0115567
-0.0347235
0.00541398
0.0234903
-0.014038
0.117146
-0.0458971
-0.082491
-0.0690074
0.0581162
0.07542
0.0616389
0.00404447
-0.0382407
-0.0873147
-0.0429213
0.000908936
-0.0030865
0.0573191
-0.00820956
0.0218793
-0.0066176
-0.165733
-0.0813252
-0.0198113
0.0307123
0.0846437
0.0455222
0.0494071
-0.0691013
-0.0220282
0.0211929
0.0116603
-0.0286972
0.0567965
-0.0543412
0.00923987
0.0285332
0.06467
0.0294323
-0.0449289
0.154073
0.0532984
-0.0285976
-0.0769515
-0.0745202
-0.0745687
-0.0988459
-0.0123828
-0.0348087
-0.0293537
0.0621214
-0.0144635
0.04275
0.0277702
-0.0210613
0.0849267
-0.0420177
-0.0267488
0.101602
0.0138972
0.00908335
0.00472144
-0.0144489
-0.0296078
-0.00811806
0.0294117
-0.0535174
-0.0331629
0.0476224
0.02752
0.0521761
-0.0241676
0.00233199
0.0756724
-0.0543922
-0.108613
-0.0438097
-0.134521
-0.0454773
-0.0446398
0.0821436
-0.0453454
-0.0623279
-0.0255042
0.00506429
-0.0471177
-0.163949
-0.109814
-0.070096
-0.0203789
-0.0131436
-0.0703193
-0.112858
-0.036422
-0.0539109
-0.0869288
-0.174635
-0.0539978
0.0434302
0.0450399
0.052216
-0.00729278
-0.151288
0.00279421
0.122922
0.0994116
0.0912609
0.0322619
-0.0101627
-0.00454645
0.00944167
0.0282669
-0.0450893
-0.151127
-0.00532079
-0.0334075
0.0246516
-0.0459215
0.0196809
-0.0111348
0.0719258
0.131582
0.0308255
-0.0533104
-0.131234
-0.173188
-0.0754663
-0.034792
-0.0850329
-0.00804933
-0.0402733
0.0762579
-0.0752287
0.00210124
-0.0488664
0.0382859
0.0471525
-0.0721081
-0.0612134
0.0219905
-0.0260384
-0.0992036
0.00718211
0.00206953
-0.0181645
0.0211382
0.0761658
-0.115178
-0.104252
0.0193297
-0.0264602
0.099228
-0.0206469
0.0590285
0.0355352
0.016991
-0.0576531
0.0475644
0.0221713
-0.0633966
0.0329387
-0.0524712
-0.0619278
0.0744066
0.0154867
-0.0380066
0.0112172
0.0785944
0.0444553
0.105254
-0.0623953
-0.00834064
-0.0658601
-0.0818978
-0.0369287
-0.0602119
0.0338192
-0.00785928
-0.00520208
-0.00158914
0.0237467
-0.0156035
-0.0367574
-0.0266429
-0.00139896
-0.0333207
-0.0450433
0.0490615
-0.0387004
0.0250032
0.0407156
-0.00715311
0.0198157
0.0048844
-0.0108774
0.0652761
-0.0386295
-0.0312377
0.0340727
0.0107835
0.163773
0.179666
0.119497
-0.0115412
-0.0323909
0.0746567
0.040604
0.0772081
0.0811862
0.015771
0.0416919
0.0245428
0.00610859
-0.0102888
-0.0830778
-0.0280347
-0.0148108
0.0807289
0.000720443
-0.101277
0.0604636
-0.0189872
-0.00321483
0.0201083
-0.085624
-0.0521114
-0.0279618
0.0393696
-0.0281051
0.00878806
-0.0405443
0.00296853
0.0224342
0.00509466
-0.0116277
0.00861821
-0.0167702
-0.0339636
-0.0309578
0.065943
0.0889966
0.107764
0.00136263
-0.0496324
-0.113365
0.0300568
0.0966566
-0.0163755
0.0306501
0.0231111
-0.00740632
0.0528572
0.0376464
-0.10092
0.0655115
-0.000387154
0.0259231
0.0248375
0.189762
0.0673575
0.0564434
0.0895769
-0.00198414
-0.0155415
0.0489272
-0.00541579
-0.0813361
-0.108883
-0.0910697
-0.0591913
-0.111077
-0.0250123
0.0291644
-0.0186992
0.0201996
-0.0132684
0.00834141
0.0159815
-0.0653402
-0.0265758
-0.0029292
-0.0329764
-0.0126111
0.0608321
0.0389557
0.109403
0.189016
-0.0780221
-0.0694942
-0.06076
0.0154834
-0.0542333
-0.0958476
0.0561035
0.0409046
-0.0191034
0.152358
0.0394268
0.0745106
-0.0454203
-0.0465031
-0.040065
0.0553676
-0.00777689
0.106528
-0.00535656
-0.012432
0.0773636
0.064617
-0.051537
-0.0289495
0.0223023
0.0469819
-0.102581
0.0181644
-0.116981
0.0137687
-0.136764
-0.0194843
-0.0244358
-0.071817
0.0201976
-0.0338256
-0.0192494
0.00538649
-0.0104235
-0.0473941
-0.0131405
-0.0702999
-0.162619
0.0470735
-0.0333479
-0.0645676
0.0759481
0.0382915
0.14209
0.180391
0.112561
0.0611744
-0.0956028
-0.0167302
0.0786607
0.0741304
-0.0169296
-0.0334481
-0.128155
-0.0270731
-0.032041
0.00131888
-0.092346
-0.0490296
0.0208793
-0.0287723
0.00485905
0.125119
0.0462116
0.0133018
-0.0237489
0.098178
-0.0101631
-0.0161147
0.120536
-0.00564529
-0.0199117
-0.0112485
-0.0817759
-0.0550108
0.0440562
0.0673623
-0.0412408
0.00947485
0.0881189
-0.00824421
-0.0289867
0.06123
0.00926746
-0.0116138
-0.0394413
0.0392844
-0.0111539
0.102457
0.079968
0.113046
0.0882683
0.00440438
-0.0144149
0.00526398
-0.0697047
0.0574459
0.012252
0.00653643
0.0224986
0.0770091
0.0482979
0.049152
0.041999
0.0103368
-0.0499085
0.0538936
0.0522742
-0.0332235
0.0656679
0.0121067
0.0782098
0.0179044
-0.107483
0.0211156
-0.0565193
-0.0149233
0.0756476
-0.0189651
-0.0276784
-0.0887538
-0.00998924
-0.00919739
-0.0201043
0.00933994
-0.00444524
0.033195
-0.0838737
0.0281707
0.0631826
0.017996
-0.0727438
0.101917
0.0598515
-0.0440529
0.0899276
-0.0958391
-0.0102671
0.0577305
0.117226
0.0933798
0.0692346
0.0452375
-0.0291879
-0.0262881
0.0660879
-0.0259834
-0.011906
-0.0809574
-0.0928786
0.0699553
-0.0577618
0.000319167
0.0422601
-0.0849883
-0.0214531
-0.0194638
0.0397242
0.0908031
0.131185
0.0612111
0.0554821
0.121834
-0.060124
-0.022576
0.0817545
0.0156902
-0.010865
0.0110447
-0.110725
-0.0669908
-0.0635353
0.0228172
-0.0943883
-0.151309
-0.0721748
0.0190319
0.0128541
-0.0502464
-0.0185981
-0.0199337
-0.00672202
0.117891
0.0663094
0.0195819
0.0973908
0.120658
-0.0217534
-0.0655512
0.0152498
-0.0512733
-0.0379437
0.0102477
-0.00342846
-0.081055
0.0172246
0.00719035
0.0438777
-0.0347154
0.0347828
0.0141536
-0.00296065
0.0199817
0.0583852
-0.0763812
-0.095224
0.0155285
0.0314002
0.0127832
-0.0820322
-0.0371055
-0.0535178
-0.00558029
0.0945887
0.0141116
0.00907546
-0.0710371
-0.0381575
-0.0067765
-0.0743075
0.081842
0.0930249
-0.0298472
-0.0279158
-0.0675484
-0.0256902
-0.0448442
-0.0591736
0.0126395
-0.0381087
0.0137952
0.0168671
-0.0273457
-0.0131213
0.0478303
0.00921101
-0.0714019
-0.062174
0.0660976
0.0154234
-0.0529369
0.0210792
-0.0878439
0.0898496
-0.0504585
0.0252441
-0.0114836
-0.0471953
-0.109241
0.0897112
-0.0710989
-0.0992845
-0.00762781
0.0327174
0.0424213
-0.0107966
-0.00324462
0.0121039
-0.133987
-0.0247107
-0.0152
0.0116176
0.0404756
-0.0203101
-0.0226962
-0.0226539
-0.039505
-0.108142
0.0403682
-0.0830896
-0.027997
0.0281871
-0.0746191
0.0250538
-0.0468512
-0.0172834
0.000521092
-0.0418635
-0.0414032
0.0231994
-0.146903
-0.021198
0.0438342
-0.0420114
0.0628898
-0.0189793
0.0161393
-0.02928
-0.170759
-0.0748198
-0.0204658
-0.0227689
-0.0600148
-0.0300253
-0.0278139
0.0184832
-0.113207
0.0264579
0.00322501
-0.0321341
-0.0864533
-0.0596492
0.0276626
0.0426553
-0.0668434
-0.0707966
-0.123911
-0.00428268
-0.0651682
0.0195303
0.0211836
-0.113342
-0.0285253
0.0089067
0.0371367
-0.00725613
0.0298916
0.083688
0.0166091
-0.0148718
-0.0312653
0.0468986
-0.00741736
0.0107262
-0.0329549
-0.0438386
-0.00237396
0.00396788
-0.0120049
-0.0554898
0.00417131
-0.0833716
0.00271082
-0.00411534
0.0349394
0.0102768
0.0336852
0.0106868
-0.0170257
-0.188513
0.00253245
-0.0209801
-0.0524827
-0.0274362
-0.048721
-0.053808
-0.0202573
-0.0532851
-0.0646612
-0.0225271
0.0470058
0.00713184
-0.00205243
0.0176762
0.00319856
-0.00136272
-0.0817562
-0.0369376
-0.0821783
0.00516439
0.00467393
-0.161894
-0.075671
-0.0148448
-0.0230532
-0.147347
-0.0946851
-0.0410406
-0.0529263
-0.0885005
-0.0451562
-0.00986184
-0.028243
-0.020069
0.0133072
0.0224952
-0.122156
-0.061498
-0.0176079
-0.116896
-0.115799
-0.0289973
-0.0166458
0.0201129
0.00301394
0.0294314
-0.0224454
-0.0538951
-0.0335704
0.0284127
0.101832
0.00527953
0.00129555
0.0241092
-0.00332317
-0.0675886
0.0518084
0.000743665
0.000988587
0.0442063
-0.0281461
-0.0398252
-0.0851549
0.0118632
0.0753146
-0.031727
0.00762445
-0.0824302
0.0160382
-0.00551387
0.00515346
-0.0188541
-0.0597221
-0.0184235
-0.11001
-0.00451333
0.00672114
0.0167874
-0.0153983
0.0161399
-0.0725854
-0.164272
-0.0591079
-0.0950035
-0.0501567
-0.0210979
0.0151502
-0.00176069
0.0196428
0.0298291
0.0368577
-0.133978
0.0234092
0.0436301
0.0190785
-0.0350974
-0.0193295
0.00251581
0.0395916
-0.0644272
0.0268888
0.00576736
-0.085438
-0.0112725
0.0279568
-0.00632818
0.0596984
0.0148474
-0.012475
-0.114127
-0.066544
0.0157216
-0.0429995
0.0909885
-0.0671114
-0.0472686
-0.0200023
-0.111239
0.0073416
0.0263474
0.066181
0.0230501
0.0127226
-0.00978217
-0.063735
0.00855623
0.0181268
0.00487344
0.0121907
-0.0450889
0.0497376
0.0588431
-0.15857
0.0488753
-0.0623199
0.00419875
-0.0370839
0.0285849
0.0226797
-0.0328932
0.0499211
-0.0842812
0.0199915
0.0758282
-0.0168825
0.0547303
0.11199
0.0154164
-0.0166261
-0.0640403
-0.0271541
-0.0616795
0.0343484
-0.0248428
0.0567867
0.039828
-0.0557166
-0.0788332
-0.0265962
-0.00159431
0.0338414
0.078888
0.0542514
0.0430205
0.0609023
-0.0229945
-0.0212064
0.0156408
-0.0105219
0.057064
-0.0377222
-0.0078242
-0.00917758
0.0189945
0.0588812
0.00265519
0.0440843
0.0283986
-0.000934132
0.0380517
-0.0353926
-0.0379044
-0.0412146
-0.016144
-0.0525037
-0.0340688
0.00511285
0.0100794
0.0602538
0.00681085
0.0220982
0.0224154
-0.0448913
0.022186
0.0118417
0.0222612
0.0357864
0.0454152
0.00122398
-0.0178652
0.00706107
-0.00291629
-0.0459007
-0.0912434
0.0404385
0.0161793
-0.0310041
-0.00518298
0.0467458
-0.00595822
0.00829916
-0.0338303
0.000257343
-0.0892857
-0.0416549
-0.0210379
0.0399041
-0.0209955
0.0767779
-0.0602158
-0.0706401
0.0914127
-0.0850235
-0.0336952
0.000369649
-0.0240752
-0.0105244
0.0230389
-0.0101606
-0.00495127
0.0261261
-0.0735806
0.00133239
-0.0369617
0.0325631
0.0707594
0.0343667
0.0449806
-0.0203891
-0.107214
0.0762792
0.0298785
-0.059561
-0.0137134
-0.0122542
-0.0522416
-0.00610311
-0.0504452
0.110596
-0.274728
-0.0645748
0.00775794
0.0563459
0.0236765
-0.087008
0.0242551
0.0177913
0.0301789
0.0456631
-0.010489
-0.0114157
-0.168572
-0.104202
0.0658914
0.0157536
0.0163256
-0.0306334
0.0504473
-0.0222951
0.0723079
-0.0414596
0.0716305
0.0468121
-0.155432
-0.0716214
-0.00392365
0.00745171
-0.0112432
-0.106328
-0.0879694
-0.10756
-0.1122
0.0466323
-0.00248481
0.0074009
-0.0311391
-0.0352462
0.00824398
-0.0674212
0.0310994
-0.0231695
-0.0259109
-0.0358875
-0.0892306
-0.0287269
0.0744971
-0.0457931
-0.0352209
-0.059203
-0.0858937
-0.0411224
-0.0667247
0.103924
0.0225418
0.0418028
0.045648
-0.0712375
-0.0197273
-0.015163
-0.0420658
-0.0618687
-0.0715663
-0.0068361
-0.0605589
0.0533815
-0.167714
0.00729802
0.0131915
0.0116653
-0.052492
-0.0945937
0.0235086
0.0292871
-0.0362716
-0.035501
0.0131388
0.0955025
-0.0383638
0.0156427
-0.0173826
-0.00390049
0.0108029
0.0208454
-0.0735899
-0.0775945
0.00813743
0.102715
0.0879132
0.00024521
-0.0108861
0.0531835
0.0374456
0.0458068
0.0194281
0.10527
-0.0211945
0.0121555
0.00610939
0.101151
0.0244647
-0.00162309
-0.00449721
0.0799275
0.0122339
0.0283925
-0.0551855
0.0311866
-0.0376602
-0.0237185
0.0387953
-0.0458926
-0.0880669
0.0598613
0.0231904
0.0702879
0.0394446
-0.00535292
0.0477826
0.0931918
-0.000545048
0.0387151
0.0378791
-0.0394915
-0.0716283
-0.0444361
0.0123696
0.0306693
-0.0370974
0.0218769
0.00302404
0.00967501
0.0643893
0.150845
0.0272186
0.0587526
0.0331425
-0.061834
0.00620909
0.0518517
-0.00662656
0.0465939
0.0320763
0.00870357
0.0635366
0.13325
0.138227
0.0781747
0.0176213
0.100464
0.0376167
0.0438861
0.0447681
0.00464641
-0.024836
-0.0645209
-0.176433
-0.00986035
-0.0876494
-0.00517146
0.0294729
-0.000562414
-0.0211507
-0.0280552
0.0727532
-0.151949
-0.0598633
-0.0531566
0.0464024
0.0449957
-0.0410174
0.017259
0.10606
0.0596676
-0.0402295
0.0315066
-0.0317002
0.00593655
0.0445337
-0.0581511
-0.0649057
-0.0135962
-0.0319929
0.229175
0.0775651
0.117457
0.0478385
0.101917
0.0885279
0.0479589
-0.0408056
0.0141727
-0.101675
-0.108261
0.0391522
0.130861
0.135258
0.0814417
0.006261
0.0748564
0.128233
0.00545827
0.00742357
-0.0718415
-0.221379
-0.124149
-0.112549
-0.0911913
0.017434
0.0214165
-0.0367722
0.0193364
-0.0517195
0.0210746
0.0557573
0.0374794
-0.277431
-0.00631584
0.0200354
-0.0608602
-0.0023888
-0.0456582
0.104479
-0.00785631
0.0678764
-0.0122026
-0.0793595
-0.0297765
0.00574599
-0.0160939
-0.024398
-0.00144267
-0.0298898
-0.0635854
-0.0269307
0.0963249
-0.0496001
0.00693625
-0.105603
-0.0289926
-0.00628266
0.000969489
0.109236
-0.0715485
-0.0095228
-0.0341224
0.106422
0.0190849
0.109367
0.0948576
0.0374078
0.0618772
-0.147347
-0.0605049
0.00145594
0.0494524
0.0248456
-0.0168913
-0.0598332
-0.00790616
-0.0463526
-0.00196838
0.0479079
-0.0106584
0.00593195
0.0618282
0.0643083
0.0386478
0.120376
0.0818182
0.0322277
0.0300675
0.0297584
0.00298799
-0.00839221
-0.0355677
0.0318398
-0.0844053
0.0393915
0.244853
0.251229
0.097803
0.0512914
0.0874762
0.032804
0.0537492
-0.0329623
0.0372336
0.0808604
0.0477587
0.0330222
0.167452
0.0821531
0.0348839
-0.0568409
0.0413171
0.0831452
0.0112135
-0.00105784
0.00390143
-0.00614725
-0.0178442
0.067582
-0.0262529
0.128493
-0.0309136
-0.0236491
-0.0329738
0.0487872
0.0751466
0.111024
0.0512551
0.0617651
0.010494
-0.0592282
0.00714556
0.00559211
0.0229798
0.0932752
0.0688119
0.115842
0.0707676
0.0293418
-0.040038
0.0403192
0.0388299
0.0337315
-0.0100254
0.0564257
0.0184049
-0.0290058
0.0345107
-0.0158219
0.0231682
-0.00905259
0.00354749
0.0129734
0.0284644
0.0833324
-0.0288566
0.043598
0.000362828
-0.0365073
-0.0149114
0.089012
0.0261967
0.00507373
-0.004152
-0.134131
-0.0547267
-0.00742571
-0.00417021
-0.133675
0.0271064
-0.0992507
-0.0538771
0.0441381
-0.1281
-0.0364949
-0.0168631
-0.026531
-0.00120718
0.0708207
0.0266614
0.0433139
0.0811247
-0.151333
-0.0328949
-0.016314
0.0310578
-0.0327929
-0.0135617
0.0597615
0.0355672
-0.116088
0.203508
0.159606
0.0383578
0.0636306
-0.00695172
0.042055
-0.0215504
-0.104547
0.145388
-0.2997
-0.0735759
0.0964645
0.0642071
0.0840693
-0.0445301
0.0103669
0.0686743
0.0382113
0.0488747
-0.0606857
0.0577725
-0.188482
-0.197235
0.0213035
0.0714743
0.0553822
0.0538377
-0.107861
-0.0810849
0.00136807
-0.00542331
0.0563867
0.0508518
-0.105031
-0.0611874
-0.00893395
0.00705183
0.0116353
-0.0114735
0.0414924
0.0600693
0.0394854
0.0825407
-0.0490904
-0.017428
0.0186751
-0.0136702
0.0221376
-0.108771
-0.0429509
0.0138046
-0.0416864
0.00302105
-0.0158658
-0.0255489
0.0385143
-0.0871361
-0.0509553
0.0844471
0.0121615
-0.11302
-0.0968606
0.0318627
0.0203732
0.115075
0.0396559
0.0475066
0.0576693
0.0110176
0.00988959
-0.103702
-0.0738889
0.0164162
-0.0619203
0.0631766
-0.121743
-0.0137549
-0.022405
0.0756244
-0.00733282
-0.0416276
-0.0625452
0.0142926
-0.00400099
-0.0516478
0.0459736
0.0833572
-0.0807659
-0.00667165
0.0481151
0.0458402
-0.0864296
-0.00708292
0.00569932
0.0278576
0.00263397
0.0755063
0.117326
0.0267618
0.022336
0.0670252
0.0480521
-0.0184667
-0.057322
-0.0312029
-0.0759958
0.0181092
0.0794047
0.019331
-0.0168588
-0.165469
-0.0260533
-0.00326973
-0.0874225
0.0598896
0.00129563
0.0160265
-0.00775193
0.0303445
0.0746083
0.0561628
-0.00351803
0.117099
0.0256174
0.0302366
0.0158025
0.00664753
0.0415509
0.0817689
0.0585516
0.0198413
0.00948077
-0.0225602
-0.0680808
0.0238203
0.0496297
0.0093938
-0.0833289
0.0103159
0.00381336
0.0700433
0.0213286
-0.0169832
-0.0581971
0.0102181
0.0246297
-0.0324199
-0.00745788
-0.00864166
-0.00943053
0.0239493
-0.0321628
-0.102877
-0.0150058
-0.0506033
-0.0114479
-0.0367159
-0.0198736
0.112331
-0.0154255
-0.0411655
-0.00313049
-0.0291666
0.018802
0.00114849
-0.172913
-0.00684466
-0.0650568
-0.00206592
-0.0159648
-0.0351581
-0.000385996
-0.022299
0.0164939
-0.112414
-0.0350915
0.0385747
-0.0498339
0.0563803
-0.105691
-0.0471528
0.00531195
0.00391585
-0.179093
-0.105313
-0.0275713
-0.0291888
0.0184307
-0.0657374
-0.00938186
0.00895604
0.00366883
-0.0291071
-0.066357
-0.0230897
-0.0166335
-0.0442751
-0.0362712
0.0135503
-0.0530683
-0.0161554
-0.0482504
-0.0948102
-0.0587533
-0.158207
-0.0701487
-0.0443578
-0.0493355
-0.0513628
-0.0510441
-0.0289252
0.0842646
-0.0237953
-0.0338014
-0.0627572
-0.0268384
-0.105235
0.0644271
0.0145633
-0.0438274
0.0349279
-0.0235431
-0.05145
0.0102148
0.0226042
-0.139076
-0.0434611
0.00531328
-0.0412066
0.0542278
-0.0215891
-0.205833
-0.133878
-0.0906272
0.0258666
-0.0834193
0.00492672
0.0624867
-0.0687729
-0.0415853
-0.0272018
-0.0469606
-0.0738975
-0.0926868
-0.046453
-0.0216599
0.00546838
-0.0646671
-0.0128817
-0.0317404
0.0406425
0.182296
-0.00168825
-0.0434063
-0.00600037
-0.0782493
0.00503514
0.042077
-0.0662179
-0.0753047
-0.0302734
-0.158483
-0.0159287
-0.0410702
0.0643215
-0.0126048
-0.0216216
-0.0411483
-0.0426692
0.00335279
-0.0584896
-0.0342819
-0.00153698
-0.0555929
0.0452494
0.0487059
-0.085278
-0.11953
-0.0726206
0.0125535
0.0176554
0.0395676
0.0580432
-0.0205924
0.0355471
0.0383806
-0.0347238
0.028858
-0.0829414
-0.0320274
-0.0858089
0.0461318
0.00769435
0.00971834
0.0272051
-0.0535991
0.0443781
0.0231933
-0.0716688
-0.0244789
0.00180581
-0.0871882
-0.0377333
-0.000512341
0.0144661
0.0966557
-0.00450719
0.0085561
-0.0118949
-0.039285
-0.00679084
0.024797
0.0681613
0.00850232
-0.0288625
-0.0213837
-0.0345989
0.0857886
0.0439342
0.0678696
-0.0135946
-0.0122447
-0.0424732
-0.0178011
-0.0744258
0.00362736
0.0159127
-0.0168001
-0.0908053
-0.0414804
-0.00749223
0.0313079
0.00111936
0.00159869
-0.0802492
-0.0602334
0.033613
-0.0187037
0.0905096
-0.0738247
-0.0217477
0.0201467
-0.0337854
-0.0019608
-0.0484269
0.0122266
0.0155126
0.0624735
-0.0499278
-0.0321754
0.00534402
-0.0246745
-0.0182358
0.0200011
-0.0350172
-0.0357897
-0.0116466
-0.0878908
-0.0609447
-0.00129151
-0.047223
-0.044832
0.0507742
-0.125459
-0.0227628
0.0173284
-0.049503
-0.000597948
0.028665
0.0746488
0.0349202
0.0260149
-0.0117315
-0.00182421
0.0675976
-0.110237
-0.0646443
-0.034373
-0.0150634
-0.0275795
0.00128969
0.00520561
-0.0163329
-0.058031
-0.0230314
0.0156281
0.031778
-0.0406019
0.00715106
-0.105478
0.0188223
0.02403
-0.0576253
-0.0172418
0.0404145
0.00823273
-0.0422356
0.0544281
-0.0208638
0.0130775
0.0176596
-0.109383
0.00764594
0.0521406
0.00400052
-0.0513315
-0.0281746
0.0147503
-0.0135604
0.00894432
0.103762
-0.0472464
0.00869785
-0.0301204
-0.0131262
0.00089626
-0.0174784
0.0203788
-0.0237437
-0.00163742
-0.0260164
-0.0150022
-0.0720236
-0.0432803
0.0139405
0.00101711
0.00270154
-0.0556417
-0.111271
-0.0289933
0.0271789
-0.162989
-0.0583221
-0.0257707
-0.124677
-0.0146177
-0.0152141
-0.0754993
-0.0523028
0.108618
-0.0574179
-7.94384e-07
-0.0807392
-0.0450203
-0.0332792
0.095014
-0.0569987
0.00833402
-0.0749826
-0.0568924
-0.0157246
-0.0685382
-0.0130809
-0.00328746
-0.0196672
0.0338389
0.0663199
0.0499648
0.0069702
-0.0743531
0.0141864
0.0183208
-0.0227963
0.0293866
0.00985081
0.0155843
-0.0709838
0.0386218
-0.0283245
0.0292315
0.0201704
-0.103358
0.00138099
0.0287672
0.040537
0.0183119
-0.0621802
-0.0159689
0.0222332
-0.0348309
-0.0263754
-0.106813
-0.0901511
-0.0221037
-0.0709198
-0.0187619
-0.00295996
-0.00829739
-0.0153943
-0.0492308
0.0276549
0.0234368
0.032022
-0.0831632
-0.0291879
-0.024876
-0.0394939
0.0142981
-0.0454899
-0.0184255
0.0895954
-0.0063229
-0.00701491
0.0465706
-0.0577614
0.00986039
-0.0427555
0.0884909
-0.0506082
-0.00905651
-0.037766
0.00353757
0.00387708
0.0258025
0.0527086
0.0266109
0.0154627
-0.12877
-0.113058
-0.061201
-0.0294138
-0.0017548
0.0227837
0.00563949
-0.061582
-0.0136801
0.0399795
-0.0655722
-0.0330556
-0.0157682
-0.00192159
-0.0437116
0.00133664
-0.0335985
0.00563799
0.00374413
-0.0175058
0.0139316
-0.051685
-0.000722544
0.0376723
0.110796
-0.0046293
-0.0700696
-0.0234181
-0.0313013
0.0307357
0.0410602
0.0364316
-0.0653001
-0.071593
-0.0130429
-0.0255509
-0.0145952
0.0179669
-0.0477244
-0.0254981
-0.00506802
-0.0929955
-0.0565317
-0.0456719
0.0714396
0.0046042
0.0751696
-0.0115995
0.0408929
0.113708
-0.145643
-0.139526
-0.0663603
-0.0340704
-0.0460113
0.00953035
-0.00372877
-0.0187437
-0.148709
0.0529532
-0.0475641
-0.143817
0.0595229
0.0874847
-0.0656989
0.00616075
-0.0236098
0.0610193
-0.130241
-0.0678392
-0.0383268
0.113429
0.0393528
0.120108
0.0180299
0.0433323
0.0305304
-0.000148314
-0.013148
-0.100302
-0.164374
-0.106377
-0.0165765
-0.0922532
0.0791716
-0.0640495
-0.0370011
-0.0568645
0.101468
0.0310772
0.0614276
-0.0472459
-0.299655
-0.0283198
-0.0197449
-0.0586373
0.038791
-0.0785822
0.0240854
-0.0379931
-0.00626527
0.0198288
-0.00246373
-0.0943111
0.0321037
0.00901428
0.024487
-0.0430688
-0.164246
0.066103
-0.0969855
0.0287917
-0.0642986
-0.00161955
0.055118
-0.0702383
0.00255257
0.108065
0.0243159
-0.093004
0.00463422
-0.017388
0.0642061
-0.0297896
0.13383
0.16064
0.119478
0.0172807
-0.114126
-0.0130255
-0.0306491
0.0193332
-0.0612193
0.0499719
-0.0299129
-0.036584
-0.0115401
-0.021944
0.0119655
0.0176641
0.0798469
0.0338538
0.0996407
-0.0250504
0.0566238
0.0765094
0.00860201
-0.016633
0.0367332
0.0308198
-0.0690911
0.10358
-0.044858
-0.050753
-0.141983
0.214351
0.0993052
0.0231709
0.0688532
0.0963091
0.0593093
0.0328287
-0.0784012
0.0418336
-0.000485372
-0.0101042
0.0683676
0.171092
0.135535
0.119307
0.00169842
-0.0158061
0.0330858
0.00157303
0.0193346
-0.132685
0.0127886
0.00446983
0.0582544
-0.0273253
-0.0317382
0.0612052
0.0089803
-0.0967974
0.0341381
0.0142523
0.00369178
0.109287
0.0361169
-0.0490382
0.0460126
-0.05608
-0.144084
-0.0210557
0.0785776
0.0591591
0.0249443
-0.0298507
0.00940716
-0.0415643
0.0646654
-0.0117087
0.131718
0.0369606
0.0474454
-0.0195959
0.0290017
-0.038459
-0.0303792
0.0420908
0.0258263
-0.0175986
0.00548524
0.0138188
-0.0495821
0.0253809
0.00918621
0.0171925
0.0253785
0.0237167
-9.4577e-06
0.105197
0.145293
0.0365755
-0.173078
0.0200336
-0.0402398
0.0968523
-0.0351307
-0.0537602
-0.125555
-0.0327117
0.0232619
-0.310863
0.0399613
-0.0272377
0.0339786
-0.00430032
-0.0608323
0.0124714
0.0538109
0.0786563
-0.176672
-0.0871794
-0.0362994
-0.0190333
-0.00240601
-0.0129518
-0.00228011
-0.122211
-0.015594
0.256396
0.0928909
-0.00702944
0.121001
0.0988906
0.0778708
-0.0459543
0.0217544
-0.0748982
-0.297536
-0.0686753
-0.0194329
0.108179
0.0817023
0.0760502
0.0333099
0.0581204
-0.0658211
-0.0345425
0.093568
-0.0588995
-0.195035
-0.0658692
-0.0275543
-0.00326161
0.00160331
0.112179
-0.167578
-0.056527
-0.0321415
0.0440245
0.108327
-0.0887928
-0.231234
-0.055585
-0.0475751
-0.0121135
-0.0483445
-0.0939923
0.0544496
0.0177344
0.0717689
0.0092715
0.0457222
0.0101131
0.0375009
0.0450112
-0.0682264
-0.0105681
0.0474435
-0.0230993
0.00199323
0.0126817
-0.0440953
-0.0832493
0.0655008
-0.0236379
-0.00675831
-0.00675987
0.0657368
-0.143849
-0.125653
-0.0752807
-0.0200364
-0.0219064
-0.0152838
0.143389
0.0462111
0.117413
-0.0211631
-0.119749
-0.0403417
0.00139046
0.036951
-0.0721787
-0.170637
0.00292733
-0.0353765
0.0470404
0.0558361
0.029904
-0.0675728
-0.0818682
-0.0522335
-0.00256057
-0.0620779
-0.0290726
-0.053037
0.0194442
0.0260136
0.0533884
0.058302
-0.0187474
0.000388711
0.0065315
-0.047964
0.132767
0.0565098
0.0252342
0.120374
0.0591108
0.0880872
-0.0842012
-0.0196283
-0.0829648
-0.0546391
0.0721504
0.0352035
0.0903407
0.0298544
0.0607565
-0.0100035
-0.0109173
0.0250621
0.0012648
-0.0608705
0.0729423
0.034721
0.05108
0.0509961
0.0266106
0.00761354
0.0524137
-0.0610166
-0.00508581
0.0306765
0.0261617
0.102158
-0.0128975
0.0329946
0.0344456
0.0691724
-0.0465447
-0.151532
-0.0265286
0.0561692
0.0908554
0.0586318
0.081631
-0.0139487
-0.0391097
-0.0120512
-0.0249993
-0.134102
0.0282028
0.0672959
0.0575848
0.0119836
-0.0330767
-0.029545
0.0463205
-0.0443983
-0.0104607
-0.0180034
0.0250783
0.0443747
-0.0136716
0.0195918
-0.0123362
0.0152226
-0.0242264
-0.00267347
0.0468222
-0.032379
0.0627335
-0.198215
-0.0797411
-0.0450958
-0.091216
0.0245544
-0.0662009
-0.0879892
-0.00808113
-0.0153345
-0.170233
-0.0248372
-0.04326
-0.112365
-0.0671867
0.00132669
-0.0473318
-0.149519
-0.0386983
-0.198553
-0.156251
-0.0187777
-0.0343773
-0.00357045
0.0578109
0.0394558
-0.00321301
-0.0857578
0.149815
-0.00867018
0.0250509
-0.0242959
0.0253662
-0.087
-0.0717751
-0.0593831
0.00353474
-0.115095
-0.0549556
0.00604485
-0.0427691
-0.00167457
-0.0096795
-0.0426684
-0.0168398
-0.0193734
0.0483097
0.064656
-0.0062017
-0.12367
-0.0109447
0.00307236
-0.0272041
0.0770975
0.025223
-0.101557
-0.14023
-0.0212126
0.0713089
0.0431661
0.00833988
-0.24833
0.0619646
0.0242971
0.00429627
0.0609611
-0.00264106
0.0166347
0.0243445
0.0872463
0.00232676
-0.0101215
-0.0344055
-0.00209289
0.00319984
0.0577067
-0.0101701
-0.116828
0.0192185
-0.0788588
0.00868545
0.0237037
-0.0334095
0.0522029
-0.0842947
-0.0385912
0.036649
-0.0842748
-0.0865673
0.10442
0.0613611
0.0203595
-0.109926
0.0354378
0.0500906
-0.038868
0.0101405
-0.0961365
-0.0482229
-7.21612e-05
0.0275412
0.047827
0.0209416
-0.0012427
-0.0185968
-0.00649559
0.00867912
-0.00214861
-0.0504168
-0.0627594
-0.0444454
0.0113772
-0.120731
0.0318489
-0.0501008
0.0286771
-0.0111308
-0.0219878
0.079877
-0.00389495
0.0651382
0.0568349
-4.01035e-05
-0.105668
-0.0669775
0.00219219
-0.0428252
-0.0298831
0.018359
0.00163729
-0.00447087
-0.0390461
0.0586662
-0.0452025
-0.0341552
0.0551748
-0.0205498
-0.0875828
-0.0799511
-0.0484353
-0.123592
-0.0471816
0.0276839
0.0741242
-0.0644264
0.0137629
0.041568
0.0254701
-0.0282824
0.00517469
0.00591269
-0.0469033
0.0603815
-0.0114047
0.00151189
-0.0385424
0.0466863
0.0882755
-0.019971
-0.00931616
-0.0154062
-0.0835207
0.00506832
0.0219852
-0.0443131
-0.0990957
-0.00728395
0.0629884
-0.0139722
-0.0517327
-0.0794914
-0.0559354
-0.00283647
0.0275836
-0.119634
-0.081966
-0.134027
-0.00534028
-0.0903076
0.00947501
-0.0260595
-0.0410697
-0.00823938
-0.0095157
-0.013936
0.0988039
0.0885162
-0.0268154
-0.0305901
-0.0712025
0.0561004
-0.00522083
-0.0501293
-0.126671
-0.0378605
-0.0731451
-0.0473659
-0.161125
-0.0899621
0.00374205
0.0824508
0.0199701
-0.153625
-0.110338
-0.055601
0.00964603
-0.0128752
-0.0251454
-0.00571653
0.0311933
0.0740277
-0.239254
-0.0997626
-0.110987
0.0610659
0.0252321
0.0384317
-0.0760388
-0.0598376
-0.0692234
-0.0301519
-0.0234034
-0.0374129
0.00557587
0.0358108
0.0109986
0.017587
0.015461
0.0258747
-0.158642
-0.0210888
-0.0171212
-0.0585577
-0.0312538
-0.0130042
-0.0621283
-0.0283617
-0.021211
-0.0632208
0.0433972
0.0323878
0.043935
-0.0295411
0.0123781
0.0104031
-0.0484735
0.0689362
-0.0450196
0.0552903
0.0181646
-0.0121067
-0.0127965
-0.0953063
-0.0689966
0.0163156
-0.0350717
0.0206749
0.00305987
-0.0333291
-0.0554595
0.0407657
0.0383363
0.00843496
-0.0258849
-0.0375131
-0.0208223
0.0289515
-0.100508
0.0279887
0.00465912
-0.00786566
-0.0375033
-0.00768583
0.0492968
-0.0407253
0.0701638
-0.0376216
0.00223993
0.00197001
0.110012
-0.0690196
0.0203368
-0.0381158
-0.0115904
0.0288151
-0.0507948
0.0478761
-0.0128109
0.0850506
-0.0426929
-0.0632837
0.0274744
-0.00170206
-0.0178662
0.000276688
-0.00241695
0.0670996
0.0635868
-0.0307982
0.00260245
-0.0307827
-0.0101983
0.0625598
0.0476524
-0.00993944
0.100771
0.0622022
-0.0826068
0.00653406
-0.00831143
-0.00467105
0.0221871
-0.053942
-0.0400961
-0.0385331
0.003091
-0.0171852
-0.0305773
-0.076084
-0.0317556
0.0160857
-0.0289385
0.0518296
0.0117904
0.0152663
-0.145092
-0.0306513
0.01813
-0.015077
-0.0330937
0.0572461
0.0320421
-0.00993912
0.0609913
-0.0112968
0.0695639
-0.0368054
-0.0389353
-0.0232436
0.058746
0.0289482
-0.0243481
0.0406426
0.0335421
0.010164
-0.0582263
-0.0329215
-0.0414266
0.0544861
-0.0159539
0.0290668
0.0470908
-0.0613243
-0.0183608
-0.0625742
-0.0224524
-0.00475971
0.00313503
-0.0238701
0.0963264
-0.0778606
0.00578982
-0.000677524
0.0492082
-0.0071668
-0.0582923
-0.00110342
0.0519216
-0.108371
0.0186552
-0.00590019
-0.0334511
0.00907569
0.00793154
0.0515623
-0.0368217
-0.0290162
-0.0140992
0.0250346
-0.00137345
-0.0153909
0.00278491
0.0278969
0.0704516
-0.0298703
0.0160999
0.0170198
-0.00106867
0.0206814
-0.0254969
-0.0067543
-0.00306308
-0.0447099
-0.0150536
-0.0462698
0.0383237
-0.0274844
0.0698336
0.041066
-0.00428891
0.00116817
0.0257707
0.0645462
-0.0637434
-0.0256591
-0.0459044
0.0290249
-0.033752
-0.0328315
-0.0132697
-0.0575074
-0.0657564
0.051876
0.00826854
-0.0215224
0.0186754
-0.0216044
-0.107662
0.0228885
-0.000583185
-0.0218051
-0.00559738
-0.127889
-0.0745297
-0.0807321
0.0292986
-0.0934527
-0.0210008
-0.0067188
0.12519
-0.0233161
0.00282212
0.0142348
-0.106452
-0.106609
0.0175366
-0.0887172
-0.0735799
0.084424
-0.0350101
0.0108155
-0.0306523
-0.0167309
-0.0492974
0.085396
-0.244423
-0.00964294
-0.00919695
-0.0933446
0.00528834
0.0200878
-0.0760018
-0.148893
-0.0396665
0.0203798
-0.0112146
-0.159515
0.0205485
0.00954487
-0.0422406
-0.0806464
-0.0394188
-0.114563
-0.0307548
-0.065571
-0.0833485
-0.00662793
-0.0696295
0.00725933
0.0146258
-0.0782137
-0.063394
-0.0015491
-0.107154
-0.0765651
-0.0240654
-0.0108839
-0.101913
0.159112
0.15648
0.0293027
-0.0785053
-0.0889545
0.00734471
0.0455713
-0.0187934
-0.0278575
-0.0474316
-0.00507423
0.0488381
0.0236881
0.0440309
-0.0578679
0.0164946
0.168726
0.118627
0.0299022
0.0682573
0.0241772
-0.0281684
-0.0229734
0.0615809
-0.0403996
0.0124098
-0.0836519
0.0597254
-0.0652366
-0.0207532
0.0197695
0.0311951
0.0162683
-0.000366587
-0.00465195
-0.0389815
0.0507522
0.11143
-0.0454698
-0.0202765
0.0140591
0.0211026
0.00329214
0.0581328
-0.00388035
-0.0521095
0.0362777
-0.0842064
-0.0320035
-0.045149
0.0619247
0.0285598
0.0516895
0.0487427
0.0199221
0.000406233
0.0130401
-0.000412764
0.0146693
0.0255124
-0.0281413
-0.0510271
-0.0230023
0.0256237
-0.0288366
-0.025009
-0.0911177
-0.031755
-0.0997056
-0.00981586
0.0130244
0.0190313
0.0540302
-0.000806776
0.0579478
0.0603232
0.0733416
0.0499124
-0.0349296
-0.0205773
-0.0425965
-0.0239228
-0.00252536
-0.117221
-0.0419334
0.0469
0.0165342
-0.0138325
0.0124468
0.00281879
0.0679029
0.0312775
-0.0262045
0.00777646
0.0293949
0.0324539
0.106704
0.144847
0.0947425
-0.0441163
-0.0519429
-0.00578256
-0.0310372
0.0492141
0.0155607
-0.129229
-0.0048976
-0.000613868
-0.167911
-0.0458968
0.0325678
0.0664902
0.10949
0.00271752
0.00518995
0.0100988
0.0331833
-0.0526864
-0.101561
0.0159281
-0.00395237
0.0661299
0.0227416
-0.074701
-0.0349188
-0.0908037
0.0986239
0.0522249
0.000863474
0.0545175
0.0439978
-0.0105781
0.0451124
-0.0866773
0.088815
-0.279998
0.0509453
0.0355201
0.107746
0.0473992
-0.00451624
-0.00795112
-0.0584649
0.00305706
0.0349551
0.013181
0.0058073
-0.086381
-0.0690742
0.015044
0.00202079
0.0486555
-0.0387153
-0.0664805
0.0781858
-0.046309
-0.0348835
-0.0418644
0.0173243
-0.23669
-0.102601
-0.115626
-0.0364649
-0.108346
-0.0326368
-0.0786776
-0.0219087
-0.0121742
0.0614672
-0.0208206
-0.0078008
0.00427021
0.115226
0.0974573
-0.0547392
-0.0331296
0.0393128
-0.0692108
-0.00476006
-0.0475987
-0.0741637
0.04544
-0.00763357
0.0696813
0.0026096
-0.0393039
-0.11057
-0.0656319
-0.0105442
0.0414728
0.0673721
0.0788398
0.110753
0.0650592
0.0881228
0.0171835
-0.0496542
-0.0424986
0.079448
0.00501434
0.0188417
-0.176175
-0.0333801
0.0116505
0.0405874
0.0216382
0.00375945
0.0229303
0.0530231
-0.0647741
0.0105593
-0.0176126
-0.0527884
-0.09709
0.00166464
0.0327837
0.017801
-0.0182266
0.012654
-0.0155241
-0.0409178
-0.0335056
0.164927
0.0847521
0.0592752
0.0485354
0.0969172
-0.0593582
0.0173013
-0.0291444
-0.000431624
-0.0234467
-0.00493362
0.0541518
0.0805688
0.024044
0.063503
-0.042236
-0.0664691
-0.0224015
-0.00532743
0.0429581
-0.102436
0.0211173
0.025019
0.0134677
-0.0593493
-0.0508912
0.0543444
-0.0107662
0.0146393
-0.00148386
-0.00647061
0.00992236
0.0172691
0.00976281
0.0242223
0.00128539
-0.120756
-0.0839124
-0.213382
0.0115863
0.0147182
-0.0440947
0.0567148
0.104109
-0.00190226
0.0768009
0.0441161
0.0787506
-0.00253763
-0.000187263
0.0687438
0.046153
-0.0721157
0.0193412
0.0363147
0.024422
0.00186114
0.019487
0.043313
-0.0161374
-0.0693978
0.0338106
0.0312754
0.0104697
0.0595326
0.0398274
0.0416568
0.0874531
0.0150567
-0.0615127
-0.0731047
-0.0891471
0.0319153
0.0289176
-0.11476
0.00437708
-0.0658593
0.0040847
-0.226559
-0.0490307
-0.053052
-0.099351
0.0150506
-0.0588499
-0.0660473
-0.0416826
-0.120185
-0.0255959
-0.0693155
-0.0794932
0.0425846
0.0758757
0.0186713
0.010449
-0.0254538
-0.070505
0.146502
0.0926818
0.0218346
0.0712446
0.0684343
0.143413
0.0296443
-0.0256443
-0.0107275
-0.149421
-0.151598
-0.000211543
-0.0361013
0.0767057
-0.0304813
0.0281465
-0.000488659
0.012496
0.0758676
0.0251294
0.086508
-0.144394
-0.142602
0.00810718
-0.114893
-0.0176118
0.0599324
-0.122964
-0.0299814
-0.064284
0.0823659
-0.0043151
0.108049
-0.519019
-0.0579104
-0.014648
-0.0685831
0.0342844
0.0349558
0.0277205
-0.0199446
0.0949871
0.0291633
0.0291592
-0.0707307
0.00930096
-0.0659557
0.0442336
0.0855745
0.00983807
-0.0679736
-0.0631745
-0.0588997
0.0404836
-0.00929473
-0.101887
0.0399577
0.0012179
0.0305895
0.0327975
-0.112476
-0.0368863
-0.0323011
0.0320675
0.0479054
0.0256409
0.130038
0.0886352
-0.0510557
-0.0794366
-0.0522318
0.0120241
0.034117
-0.0868453
0.0399082
-0.0637529
-0.0307704
0.0167666
0.0173329
0.00377402
0.00657067
-0.0826105
-0.0126161
-0.00756185
-0.0252076
0.0862521
0.00940679
0.0505634
-0.019743
-0.0217598
0.00354642
0.0255082
-0.0232806
0.14243
-0.0407093
0.00165412
0.0847794
0.0513638
0.078321
0.058645
0.0196889
0.106448
0.00173832
0.0482696
-0.048457
0.0367834
-0.00791373
0.00040137
-0.0195118
0.0265244
0.0618673
-0.0297936
0.0783104
-0.128305
0.0322017
0.00682675
0.0705446
-0.017836
0.00102952
0.0336247
0.0241636
-0.0600787
-0.0734786
-0.0501846
0.0289327
-0.00834957
-0.00815386
0.0455025
-0.0252318
0.0807086
-0.0377432
0.0152664
-0.0427352
-0.127854
-0.0610539
-0.010468
0.013576
0.0295465
0.00249606
0.0106396
-0.0103214
-0.0203851
-0.0226162
-0.0818044
-0.00145431
0.0527975
0.00861483
-0.0559837
0.0373812
-0.213876
-0.0166341
0.0113878
-0.0254257
0.0332903
-0.0247801
-0.0217763
-0.0188821
-0.0327288
0.00100654
-0.00850722
0.0401282
-0.0271166
-0.00518237
0.0212403
-0.0775342
-0.108071
-0.00692286
-0.0546132
-0.0295706
0.0241567
-0.0329784
-0.12705
-0.0639155
-0.0276086
-0.201686
-0.0741951
-0.0381156
-0.0280501
-0.0882512
-0.0360672
0.105897
0.0793219
0.0661957
0.00389289
-0.0376825
-0.0415034
-0.0241973
0.0743558
-8.04244e-05
-0.026387
-0.0374599
-0.0302677
0.0883577
0.028956
0.0228445
-0.0115769
-0.0124901
-0.152137
-0.00420426
-0.00515933
0.0250658
-0.274434
-0.0908867
0.0369966
-0.0616442
-0.0574043
-0.0501228
0.0460134
0.0375612
0.0184464
0.0710419
0.0229557
0.0673953
-0.103769
-0.171767
-0.062091
0.0194728
0.0250216
-0.0587405
-0.0634256
-0.0242441
-0.0638024
0.0117422
0.0182823
0.0538564
-0.148462
-0.0765821
0.0100436
0.0415442
-0.0226207
0.0821907
-0.0241221
0.0123528
-0.0389573
-0.008478
-0.0624109
-0.0327393
-0.0659855
-0.0782023
-0.0454028
-0.0982627
-0.131861
-0.0651606
-0.0814684
-0.00720501
0.0187128
-0.0126264
-0.0138748
0.0395944
-0.0303504
-0.0192259
-0.0119901
-0.0449588
-0.0789091
-0.0232595
0.0287993
0.0304434
0.0391398
0.05655
-0.0434853
-0.00579753
-0.0311642
-0.080042
-0.015394
-0.0125544
0.0258123
-0.0299262
-0.0601408
-0.0538416
-0.0412615
-0.0487952
-0.0229051
-0.0035051
-0.0445995
0.0724653
0.0151491
0.102416
0.0977311
0.0926535
-0.00662412
0.027396
0.0307113
0.0425598
0.035157
0.0752597
0.0210283
-0.00368147
0.0279247
-0.0424384
0.0290905
0.0856973
0.0225925
0.0447046
-0.0863463
-0.0021944
-0.0373891
0.0202434
-0.106171
-0.0209679
0.0219751
-0.0613157
-0.0559072
0.037372
0.0564638
-0.00203912
0.0230161
0.0431861
-0.00200307
-0.0725533
-0.0194166
0.0243573
0.0631673
-0.0451804
-0.0475746
0.0015776
-0.0254078
-0.0102881
-0.0276772
0.0701436
-0.0143113
0.0497065
-0.03746
0.00600389
0.00490974
-0.0297356
0.0284101
-0.0577477
0.0383358
0.0503858
0.00847625
-0.0302919
0.00588927
-0.0399764
-0.0126298
-0.0876077
-0.0142611
0.0289363
0.00661815
0.061323
0.0595204
-0.157974
-0.0209131
0.00607948
-0.015417
0.0572929
-0.0239056
-0.0128735
-0.0154636
-0.0427054
-0.0584281
-0.00191098
-0.0184135
-0.00268167
0.0567482
0.0484431
0.0473677
0.0135423
-0.0300866
-0.0734922
-0.00368956
0.0408535
0.00143941
-0.0862659
0.00549282
0.0186215
0.0101078
-0.0677896
0.0086951
-0.0148198
0.042509
0.0216913
-0.00585546
0.081736
0.0816827
0.114613
-0.0579057
-0.0480917
-0.0636142
0.0130194
0.0318614
0.00562978
0.0258731
-0.0508738
-0.090607
0.025402
0.0516121
0.0513326
0.0200811
-0.0216695
0.11993
-0.0170705
-0.0318006
-0.00142196
0.0406673
0.0209291
0.0297638
-0.0579898
0.026553
0.0627555
0.0144697
0.0612649
-0.104438
0.0823624
-0.0343811
0.0581123
-0.0377125
-0.0419511
-0.0433425
-0.00576286
0.0675664
-0.0766056
0.0284184
-0.0356301
-0.0760534
0.0276626
0.0454471
0.0423491
-0.058653
0.0192163
-0.0514947
0.0420751
-0.018733
0.086471
-0.0208512
-0.0811542
-0.0612921
-0.059479
0.0459401
0.0491856
0.00382656
-0.00379278
-0.0407124
-0.0158182
-0.0197652
0.0066033
-0.044631
0.0638005
-0.0924276
-0.0165555
-0.00817569
-0.0309287
-0.0327456
0.0252527
-0.0944268
-0.00322033
-0.0342793
0.0223753
-0.0127888
-0.114561
0.021042
0.0546431
0.080817
0.0180491
0.0130084
-0.0526261
-0.0419574
-0.00809723
0.0328523
0.0378838
-0.0499519
-0.0338647
0.0064381
-0.0566062
0.020601
-0.0380346
0.0510335
0.0864522
-0.0351881
0.0842494
-0.00929051
0.0615541
0.0482426
0.0177994
0.0377728
0.0296177
0.0159767
0.0478943
0.0378004
-0.0991007
-0.0119177
-0.0818938
-0.0128387
0.0648742
0.0186327
-0.00933827
-0.0625484
0.0281421
-0.0204241
0.024764
-0.0332755
-0.106735
0.00335703
-0.0100817
0.0379963
0.124141
0.0153868
-0.059924
0.0415398
0.0288005
0.00958557
0.055481
-0.0353379
-0.00550997
-0.0156684
-0.0091927
-0.049697
0.0509566
0.0320402
0.0578912
0.0965837
0.00616553
-0.0202413
0.137588
-0.0130571
-0.035098
0.0459852
0.0399652
-0.122516
-0.0747821
-0.0407279
-0.0267748
-0.0463292
0.0453884
0.140664
0.0573135
-0.0644931
-0.0447964
0.0526123
-0.0228924
-0.0574386
0.0591111
0.0248478
-0.0374374
-0.00451084
0.0210675
-0.0351311
-0.0102913
-0.0628312
-0.148395
-0.0753834
-0.0238124
0.00354363
0.0278962
0.00677645
-0.0504706
0.0247462
0.0166362
0.0421611
0.105183
-0.0665771
-0.0625931
-0.0196907
0.0741106
-0.0581098
-0.0298712
-0.124085
-0.0285964
-0.0849091
-0.11571
-0.0414363
-0.0184816
0.106325
0.0624078
0.0481844
0.0282048
0.00729736
-0.0446857
-0.0502604
0.0143265
0.017584
0.000944961
0.0423566
0.123817
-0.0538344
-0.162687
-0.0826782
-0.0293745
-0.0257274
-0.0326147
0.0231618
0.0108567
-0.0629627
0.0487191
-0.0332652
-0.00862187
-0.171791
-0.0188791
-0.00450177
0.00590804
0.0124527
-0.0039582
-0.0577379
-0.013086
0.0558204
0.0605931
0.0768938
-0.00255682
-0.0550187
-0.0517574
0.00366564
-0.0380093
0.0440604
0.0635767
-0.0218501
0.0354269
0.0310624
-0.0318269
0.00153172
0.0962276
-0.102839
-0.0747195
-0.00816971
0.0125259
-0.034945
0.0254565
-0.0609191
0.0404268
-0.00174254
0.0221317
0.021043
0.00349437
0.0277939
0.0076617
0.0211162
0.00719814
0.000193518
-0.0408977
-0.0327603
0.0423534
0.0796991
0.00853582
-0.0840144
0.0140699
0.00529477
-0.0730519
-0.0312602
-0.0769313
-0.0235559
-0.0991305
-0.0130948
-0.00107978
0.0257042
0.114235
0.0480773
-0.0207102
-0.00112422
-0.0532666
-0.0727626
-0.052524
0.0199428
-0.0635361
-0.127207
0.048159
0.0526932
-0.0080685
-0.0115319
-0.0244314
0.0199397
0.0183932
0.0566263
0.0225962
-0.0846732
-0.0237594
-0.00139457
0.0250808
0.00428917
0.0594883
0.103252
0.0435219
-0.00806241
0.0120255
-0.0647188
-0.0176848
-0.0417364
0.000196936
0.0254366
0.0562471
0.0401743
-0.00690429
-0.00635262
-0.0228
-0.0654719
0.023521
0.0330237
0.0144762
0.00508876
0.000176146
0.0147053
0.0112038
0.00234522
0.0193733
-0.0284699
0.0532794
0.0107345
0.0688104
0.0700703
-0.0385279
-0.0393591
-0.00315048
0.0509112
-0.0364942
-0.000883468
-0.0272288
0.0227995
0.00926902
0.00188341
0.0223493
0.00585685
0.0231433
-0.116641
-0.0456234
-0.0405853
0.0181408
0.0409717
0.0923394
0.121773
0.0548484
0.0399143
0.0667455
-0.108504
0.01993
0.00872482
0.00688293
0.0854932
-0.00462135
-0.123053
0.0780428
-0.093058
-0.0675792
0.0351132
-0.0330469
-0.0139982
0.0299056
0.0736049
-0.00479785
-0.0104763
0.00352331
-0.0100697
-0.0600318
0.044213
0.0737114
-0.0574321
-0.0572822
0.0518484
-0.0677924
-0.0961938
-0.0798354
-0.0545175
-0.0427538
-0.0185409
-0.102918
-0.0645784
0.0512039
-0.0754508
-0.0714216
0.0978975
-0.0275968
-0.0342949
-0.0820863
-0.0386074
-0.0103743
-0.033297
0.0202282
-0.00979734
0.052014
0.0317768
-0.00180171
-0.118911
-0.00851615
-0.0846213
-0.05883
0.0910321
0.0167977
0.0965254
-0.0410544
-0.088291
0.0253935
-0.0886213
-0.0680938
-0.037576
0.0535211
0.0491567
0.0844054
-0.0517607
0.00999583
-0.0228033
0.0318956
-0.0942509
0.0366234
-0.0243119
0.004041
0.0984588
-0.072752
0.0239249
-0.00571424
0.0139344
-0.0153534
-0.040465
-0.0313148
0.00621851
-0.0424444
-0.356879
-0.0576954
-0.100996
0.0197212
0.0376061
-0.00652673
-0.066644
-0.0784905
-0.110628
0.0184457
0.0972028
0.0847761
0.00376362
-0.00915145
-0.0189703
0.0602042
-0.0944028
0.015019
0.000532237
0.0671913
-0.0701778
-0.0813082
0.018757
0.00882955
0.0710391
0.0906355
0.0401219
-0.0423689
0.00979122
0.118213
0.0118408
-0.0230495
0.107605
0.049682
-0.0154065
-0.0916846
-0.118617
0.00665724
-0.00760523
-0.0201675
-0.0260258
-0.049783
-0.0777355
0.0011534
-0.0457019
-0.0213507
-0.0211843
-0.0235743
0.0547163
0.0714136
-0.0717916
-0.0289664
-0.121742
-0.135819
0.0445703
-0.0317026
-0.0414911
0.0121072
0.0680019
0.0726603
0.0860541
-0.0490706
-0.0438913
0.0216176
0.0643015
-0.0164943
0.127023
0.0837791
-0.0150634
0.0574672
-0.0172076
0.0359831
0.00868005
-0.0291293
0.0226567
-0.0101446
0.0278186
0.181785
0.038985
-0.0370423
0.0357239
-0.00620014
-0.00689798
0.0434663
0.0178478
0.0764528
-0.0321725
-0.0248553
-0.0439604
-0.0600481
0.00756968
-0.0202929
0.0590686
0.036181
-0.0765147
0.0085475
0.0373598
0.00858683
-0.016063
0.0276739
-0.0982444
-0.100126
-0.0861835
0.0285617
-0.0237702
-0.00883402
0.0964202
0.000458163
-0.0214444
-0.0641441
-0.0345986
0.0745983
-0.129507
0.0360662
-0.0267429
0.0122305
-0.0221737
0.0269199
-0.047035
0.0304655
0.00860217
0.0686531
0.120588
0.0443269
-0.014747
0.0541648
-0.00122969
0.0180711
0.118318
0.0426596
-0.0555798
-0.00390743
-0.0968485
-0.101477
-0.0511167
-0.0169102
-0.0345651
-0.0568846
-0.104166
-0.00182964
-0.0522037
-0.148596
-0.0366055
-0.0817546
0.0165663
0.0214262
0.0269368
0.071934
-0.0109674
-0.0887593
-0.0106726
0.0142185
0.086711
0.0400915
-0.0440529
0.0339855
-0.0196966
-0.124991
0.0472067
0.0105323
0.0517141
-0.0282126
0.0672679
0.0747957
-0.016403
0.037597
0.0079247
0.0184852
-0.363425
-0.134431
-0.0260118
-0.031262
-0.0133243
0.00719034
0.0256043
-0.0809187
0.0878148
0.0846173
0.0521536
-0.0179118
-0.12323
-0.100697
-0.0148379
-0.0266954
0.0317765
-0.0789085
-0.0619352
-0.0871007
-0.100977
0.0535933
0.0153587
0.0714028
-0.159699
-0.0279947
0.0109811
0.0327553
0.015057
0.013099
-0.0247112
-0.0355088
0.00823321
0.0128037
-0.020868
-0.0328614
-0.0453468
-0.0545053
0.0336707
0.0137615
0.00696153
-0.03684
-0.0784355
0.0115595
0.0714176
-0.0461395
-0.125754
0.0119876
0.00962895
-0.040249
0.00613689
-0.0952169
-0.0463732
-0.053772
0.00793357
-0.0450087
-0.0251531
0.041799
0.00505128
-0.052655
0.000414658
-0.0796931
-0.0167462
0.00323286
-0.045817
-0.0277111
-0.0898437
-0.0431867
-0.0107694
-0.0281825
-0.0432606
-0.0849797
-0.0450357
0.0173045
-0.0410532
0.0580463
0.00160893
-0.00231708
0.0544088
0.00366763
-0.0123009
0.0171953
0.0479801
-0.143349
0.0311401
-0.00762741
-0.0465378
0.0399267
0.013396
0.0610346
0.0530522
-0.0550931
0.0846836
0.0590568
0.0314515
-0.027039
-0.176283
-0.0346063
0.00516982
-0.0430362
0.00996676
-0.0350991
0.000818749
-0.0769898
-0.0367506
0.0499886
-0.0513693
0.0521953
-0.0614347
0.0470779
-0.011857
-0.0146982
-0.00651739
-0.0410699
-0.0363038
-0.0935308
-0.0102537
0.0292755
-0.0142405
-0.0365055
0.0025094
-0.0077196
-0.0350831
-0.0806213
-0.0339445
-0.00568598
-0.0370617
-0.0210293
0.0568127
0.0173856
0.0251427
-0.01082
-0.00403449
-0.0336833
-0.134412
0.00651163
-0.0100755
-0.0971583
0.0420902
-0.0291988
-0.0981386
0.0300195
-0.0140327
-0.0308513
-0.0470913
-0.0440093
-0.0381952
-0.0286139
0.0903933
0.00370615
0.0112124
0.00938399
-0.0209301
0.0163284
0.0370783
0.0658198
-0.0553658
-0.132739
-0.0415578
-0.00703293
-0.100559
-0.0833027
-0.0464618
-0.0558159
-0.0469622
-0.095733
-0.10095
-0.0346562
0.0560338
0.041252
0.0541086
0.102326
0.032106
0.0595262
-0.0774961
-0.0534008
-0.00338373
-0.00916325
0.0344551
0.03009
0.0287206
-0.0480675
-0.070139
0.0273785
0.00937138
0.057166
-0.048093
-0.0315803
-0.00852695
0.00631891
-0.0383474
-0.00346958
-0.0693176
0.00118505
0.013096
-0.0641363
0.0266724
-0.00865737
-0.000294235
0.0431913
-0.0139637
0.00623274
-0.00997886
0.10098
-0.0728869
-0.0434036
-0.067231
-0.0428707
0.0564487
-0.0388779
0.0450289
0.00222532
-0.0033687
0.0602873
-0.039319
-0.125787
-0.0287624
-0.0382567
0.0285235
0.00429077
-0.0126659
0.0284629
-0.0336041
0.0709851
0.110722
-0.020123
-0.0796109
0.0488432
-0.0434128
0.0113574
0.0347608
0.00372848
-0.127501
-0.0382575
-0.0108675
0.0751697
0.0209764
-0.0250818
-0.0572926
-0.000381803
-0.0610797
-0.0631339
-0.0730538
-0.00429743
-0.10854
-0.0295491
0.0503838
-0.0176369
0.0374585
0.0629269
0.0848148
0.0341563
-0.0529523
-0.0538845
-0.0183123
0.0583594
0.00355276
0.00392927
-0.085638
-0.0241343
0.015143
-0.0213745
-0.0236048
0.0419685
0.0493087
0.0825277
-0.0792433
0.0568729
0.0562502
0.0235397
0.00704889
-0.0246492
0.0256934
0.0201457
0.0337435
-0.0148584
0.0488006
-0.0883253
-0.0415614
-0.0889564
-0.0775917
0.02183
0.0184173
0.0416744
0.0554971
0.0183577
-0.062519
-0.0113158
-0.0397233
0.0444715
-0.00491277
-0.0411117
-0.0371934
-0.00535541
0.0115478
-0.0263098
-0.0392053
0.0264971
0.093086
0.0585488
-0.00621703
-0.0222595
-0.10869
0.00370734
-0.0133136
0.0536898
0.0293481
-0.00519463
0.0193655
0.00598288
0.0396732
-0.0416572
-0.00775508
-0.0196292
0.0403687
0.0228745
0.00227233
0.0519196
-0.00699826
-0.0200581
0.0110203
0.0139648
-0.0338117
0.0607629
-0.0169154
-0.00676881
-0.0974987
-0.0443729
-0.000532016
-0.0476898
-0.0291052
0.0247552
0.00954628
-0.00473037
-0.0236824
-0.0263278
-0.0298121
-0.0132339
-0.00266079
-0.0339386
0.0611116
-0.0137723
0.0645939
-0.00529911
-0.0119211
-0.0120385
-0.0416874
0.0666025
-0.0757534
-0.0245427
0.000958216
-0.0120878
-0.00247098
0.0210516
-0.0799325
-0.0331416
0.0143607
-0.0404974
0.0152644
-0.0200778
0.00771136
-0.0927353
-0.0120404
0.0345351
-0.0258462
-0.0266391
0.00452115
0.0239662
0.00494917
0.000530121
0.0773427
-0.0215551
-0.0958052
-0.00995715
-0.0722727
5.50094e-05
0.0369722
0.0345142
0.0102715
0.0359227
-0.0139883
0.0430651
-0.0913691
0.0630105
-0.00469868
-0.0196452
0.000423362
-0.0172752
-0.036989
-0.0831703
0.00335275
-0.0298803
-0.0403301
0.0183686
0.0812538
0.0219001
-0.0142114
-0.0572066
-0.0191991
-6.25813e-06
0.0228586
0.0627872
0.00219797
-0.0855082
-0.0079675
-0.0141737
0.0231887
0.0060327
-0.0914311
-0.0624793
-0.0385673
0.0316592
0.0170134
-0.0237564
-0.0119915
-0.0409982
-0.00902644
-0.0748424
-0.0333308
-0.132153
-0.0358309
-0.0887073
-0.0370079
-0.0272428
0.00259643
0.00639631
0.0090479
0.0478152
-0.12745
0.00632954
0.0409232
-0.0270895
-0.0527371
-0.0347674
-0.0503886
0.0253661
0.0523048
0.0969406
-0.0430958
-0.0468987
-0.0408215
0.0044864
-0.0135357
-0.00389075
-0.00613369
-0.126687
-0.0472816
-0.00265187
-0.0525059
-0.0235637
-0.022356
0.075167
-0.0653283
-0.0122629
-0.0290646
0.00507852
-0.0107003
-0.0110334
-0.00662493
0.075987
0.0811708
-0.07176
-0.0260016
-0.034173
-0.00115713
0.0489502
0.0988535
0.0109963
-0.016866
0.0315081
0.0312521
-0.0590713
-0.0760034
0.0356355
-0.0126668
-0.0277943
0.0161429
-0.00368866
-0.0151283
0.0149171
-0.0619247
0.0214168
-0.0111717
-0.0616169
-0.0247236
0.0785621
-0.0268245
0.0425724
-0.0169246
0.0298485
0.0159016
0.0507174
0.0138272
0.0425075
-0.00341563
-0.0598773
-0.113792
-0.0246732
0.0412027
-0.00983131
0.00651156
0.0030224
0.00318061
0.0125908
-0.0203996
0.0116065
0.000763138
0.00553409
-0.0966142
-0.124834
0.029142
0.0320302
0.0351434
0.00978491
-0.0140027
-0.0202698
-0.0426774
-0.00593806
0.0337702
-0.00446577
-0.00525788
-0.101856
0.0202913
0.0408019
-0.0134141
0.095729
0.036703
-0.0996757
-0.0433661
0.0486499
-0.00466919
-0.00101336
-0.026774
0.0936456
-0.0337289
-0.0760602
0.0629693
-0.0135051
0.0418294
-0.0407191
0.011036
-0.0422259
0.00537923
0.012443
0.015426
-0.0661127
-0.000302095
-0.0218421
-0.0284399
-0.075737
0.0397959
0.053151
-0.0504149
0.022136
-0.0831833
-0.0055155
-0.0828843
-0.0411157
0.0518151
0.0406419
0.0200021
-0.000821283
0.107516
0.0606444
-0.00283078
-0.0691881
-0.00233295
0.00605738
-0.026752
0.0217725
0.0194168
0.0033204
-0.0940066
0.0189978
-0.0432914
-0.023779
0.0205765
-0.107146
0.0331878
-0.0486087
0.0680506
0.0325052
-0.0295846
0.029473
-0.00176391
-0.0077093
0.0633743
-0.0565784
0.0212272
0.0374409
0.020131
-0.129616
-0.0376576
-0.0659822
0.0967769
0.0314539
-0.0316219
0.016332
0.0319664
0.00936822
-0.170784
-0.0388056
-0.0466315
-0.047762
0.0436423
-0.0129072
0.0435898
0.00958321
0.0692726
0.0224138
-0.0359878
-0.082291
0.0191234
-0.0429969
-0.0108925
0.0132399
-0.0596239
-0.0479217
0.0708577
0.0236347
0.0521553
-0.016405
-0.094358
0.0379197
0.0106582
-0.0461185
-0.0473439
0.0891775
0.0986902
0.0429977
0.0620007
-0.00366298
-0.0604116
0.00197847
-0.0196306
-0.00272205
-0.0547823
0.00990953
0.0248793
-0.0161241
-0.0406154
-0.0479338
0.00243237
-0.00947399
-0.066
-0.0350555
0.0411013
-0.0312635
-0.0877904
0.0583892
0.0117027
0.0958582
-0.0203151
-0.0696419
0.00203361
-0.0428283
0.0666408
0.00523602
0.0171872
-0.0352746
0.0265
-0.070638
0.0226625
-0.0152026
0.00744286
-0.0786707
0.0379707
0.00258715
-0.0157646
-0.00462563
-0.0269788
-0.0855803
0.0293757
0.0254581
0.0222007
-0.0296867
0.00324614
0.0198487
-0.0229349
-0.0185369
0.0176984
0.00414053
0.0060603
-0.0789936
-0.0107267
0.0285839
0.0429126
-0.0650499
-0.0425444
0.0251766
0.00169744
0.0146348
-0.037319
0.0204422
0.0076226
-0.0120638
-0.00794639
-0.0811978
-0.0306892
-0.0167681
-0.0806893
-0.0865775
-0.00284897
0.0438545
0.0262765
-0.00245679
-0.0241823
0.0251045
0.0350597
0.000101791
-0.00219884
-0.0561171
0.0118476
-0.0185931
0.0155784
-0.000383066
-0.0412572
0.06652
-0.0246783
0.0262758
0.0363991
0.0122315
0.0569512
0.0418396
0.0184949
0.0409901
-0.00882598
-0.0242434
-0.048065
-0.0529696
-0.0523758
0.00804663
-0.00840162
-0.0181915
0.0344077
-0.0266698
-0.166711
-0.0682605
0.0121349
-0.0102259
0.0910382
-0.167894
-0.0569483
-0.052374
-0.0659982
-0.0975747
0.0675424
0.0342838
-0.0273403
-0.0142054
8.43028e-05
0.0115282
0.00349445
-0.0690905
0.0838146
-0.0527683
-0.075458
-0.00769864
-0.10352
-0.0380946
-0.0119493
-0.0892427
0.0235511
-0.0584288
0.0474621
0.0474791
-0.113495
-0.0462435
-0.126388
-0.0691245
0.0751074
-0.0202068
0.0286845
-0.0685611
0.0181632
0.0239092
-0.0403495
0.0461409
-0.0554962
-0.0172606
0.00812208
-0.0623878
-0.037188
-0.00896872
-0.0700816
-0.00887495
0.00613994
-0.060499
0.0121292
-0.0102902
-0.0097967
-0.0290754
-0.0822008
-0.0597875
-0.0538682
-0.0135157
0.0109968
-0.0377763
-0.00934508
0.0282011
0.0731442
-0.000402571
-0.0753025
-0.145302
-0.0589106
-0.0740208
-0.00867619
-0.024901
-0.00358684
0.0248844
0.061042
-0.0115825
-0.0213281
-0.00808081
-0.000211217
0.00713749
0.0590234
0.102692
0.0399191
-0.00448297
-0.0317839
0.00188918
-0.000899712
0.00975326
0.00884717
0.0481027
-0.0298349
-0.0267031
0.0218703
-0.0476656
0.0319079
-0.0277887
-0.048303
-0.0950447
0.0101488
-0.0105384
0.00808502
-0.00714679
0.0116649
-0.0192678
-0.00173502
0.0707041
0.0116094
0.0310458
0.00419849
-0.111985
0.026302
-0.032065
0.0369115
3.47374e-05
-0.0590292
-0.0114867
0.0443922
0.0422244
-0.0243349
0.0061607
-0.0432422
0.0684628
0.0315039
0.0742005
-0.045827
0.0239159
0.0269472
-0.00814047
-0.0389255
0.0551789
0.0320484
-0.0627227
-0.0181089
0.0468251
0.00348977
0.0246487
0.0101516
0.0038008
-0.0105087
-0.00741037
0.0172784
-0.0176451
-0.0525496
0.0195339
-0.0110794
0.0454952
0.0465639
0.0121669
-0.121774
-0.0556626
-0.00352663
-0.0463695
-0.0982976
-0.0651507
0.00104908
-0.0542824
-0.0353023
-0.103056
-0.0032665
0.0364692
0.0810815
-0.0274632
-0.029806
0.0323504
0.02632
0.0376767
0.0180039
0.0352648
-0.0124041
-0.0922758
0.0150901
-0.00660012
-0.0577619
0.08418
-0.00413506
-0.0837104
-0.0464466
0.0254568
-0.0186425
-0.0243059
-0.0630096
0.0713587
-0.0219592
0.0339828
0.0521238
0.0107179
0.0677443
0.0245516
-0.0285687
-0.0384928
-0.0561593
0.0177792
0.0309786
-0.0278559
-0.0180845
-0.0254619
0.00373582
-0.146011
-0.0716777
0.00733511
0.0518056
0.0955703
-0.0286528
0.0867951
-0.0116095
-0.0844841
0.027999
0.0178374
0.00461644
0.00966402
-0.025472
-0.0371951
-0.0603738
-0.0700897
-0.00413784
0.00817831
-0.0310497
-0.0285682
0.0305889
0.0250981
0.010836
0.0658533
-0.00670687
0.0275921
-0.0391981
-0.138298
-0.0353655
-0.118936
-0.0938023
0.000238465
-0.00562766
-0.0244659
-0.000384964
0.0327158
0.112542
-0.0309886
-0.111247
-0.124117
-0.0328846
-0.0038216
-0.00378852
-0.0395965
-0.011195
0.0583483
-0.0731472
0.0461057
-0.00305205
0.0363855
-0.203804
-0.0276476
0.0185825
-0.0680837
0.0105117
-0.0440807
-0.0917578
0.0483068
0.0753196
-0.0160897
0.00294099
-0.0375728
-0.0242996
-0.0129354
0.0307371
0.0264874
0.0225519
-0.0412011
-0.0127864
-0.0429895
-0.0231293
-0.00310483
-0.077324
0.0137973
-0.0610912
-0.022827
0.0759037
-0.0313853
-0.0796316
-0.156613
-0.0637134
-0.0127454
-0.0375988
0.125855
0.0430819
-0.00823234
-0.039931
0.0108621
-0.0153172
0.0300051
0.0463294
-0.0613675
-0.019314
-0.0545265
-0.119792
-0.00368023
-0.000175081
-0.036259
0.0842551
0.122436
0.044195
0.139613
0.0366063
-0.0273724
0.0373108
0.0112411
0.00328666
-0.0430249
0.0314778
-0.0348133
0.0290231
-0.0397252
0.00661206
-0.0819586
-0.0119869
-0.0661582
0.00791095
0.0248914
0.035
0.0476
0.0875347
0.00538249
0.00367422
0.0491898
0.0541814
-0.0288274
-0.0164642
0.00380422
0.0124152
-0.0010327
0.0209522
-0.0123081
0.0557875
0.0313692
-0.04476
-0.0385132
0.0206696
0.0739587
0.0447182
-0.0210499
0.0133304
0.0453429
-0.0176167
-0.0060112
-0.035955
-0.0659617
-0.0123329
-0.0463527
0.0104587
-0.0166294
-0.0243314
-0.0408138
-0.0150793
0.0345728
0.0098456
0.0158524
-0.043345
0.0445471
0.0620409
0.0286077
0.0850363
-0.0271607
0.0235234
0.00299136
0.046636
0.00372914
-0.0736626
0.0247313
0.0429418
0.00816449
-0.0332941
-0.0710745
-0.00164604
-0.0166732
-0.0167843
-0.071299
-0.0475895
-0.018701
-0.00961907
0.0802891
-0.00147727
0.0741937
0.0323309
-0.0378645
0.0182255
0.0428982
0.0302681
-0.0177441
0.00285274
0.015279
0.0420113
-0.0855546
0.0114864
3.44394e-05
0.055184
0.00538155
0.0889476
0.0612316
-0.03772
0.0337528
0.0342717
-0.0269664
0.0194087
0.0384503
-0.0110464
-0.00455972
-0.0160481
0.0281325
-0.0132786
-0.0469305
-0.00963673
-0.000376171
-0.00244397
-0.0311467
-0.072286
-0.00532744
-0.0689149
-0.0376244
0.066675
-0.023995
0.0360958
-0.0235095
-0.0598904
-0.089483
0.0187316
-0.00135407
-0.027819
0.0382511
0.087212
0.0648328
-0.0368485
0.0356225
0.0417094
-0.0359212
-0.00870405
0.00407624
-0.0204522
0.0224264
0.0514045
0.0075301
-0.022781
-0.0528439
-0.0234221
0.0137766
-0.00501372
0.0146121
-0.0587213
0.00257104
0.0285822
0.0679953
0.00879012
-0.0344175
-0.0362529
-0.0242631
-0.0139541
-0.0245914
-0.0544944
-0.00649204
-0.0779871
-0.0191463
-0.0208226
0.0298041
0.0241723
0.0723092
-0.0380966
-0.00848674
-0.0590823
0.0336515
0.041489
0.0392187
0.0204592
0.0481301
-0.000856985
0.0340299
0.00119685
-0.0393278
0.0532274
-0.041013
-0.0751776
-0.036536
0.0458611
0.00322977
0.0486101
-0.0283158
-0.047454
0.026774
0.00064045
-0.077776
-0.0280001
0.0625588
-0.00188449
-0.038372
-0.0349513
-0.0742919
-0.107951
-0.0757001
-0.00925049
-0.0244965
-0.0123597
0.0034682
0.0507116
-0.0163255
-0.0115882
-0.00556521
0.00294536
-0.0486174
0.000272746
0.00883464
-0.066735
-0.0117401
-0.000368939
0.024149
0.0132136
-0.0104463
-0.0631587
-0.0134464
0.0281774
-0.112659
-0.106865
-0.0745709
-0.0055362
0.0307119
0.0175875
0.0587186
-0.0207599
0.0209177
-0.0510027
0.0268314
0.00400322
-0.0542136
-0.0799548
0.0161596
-0.0298988
-0.0466153
0.00341618
-0.0379652
-0.0120125
-0.0480678
-0.0251913
-0.0146687
-0.0327974
-0.0217216
0.0667817
-0.0258521
0.0286734
0.0306493
0.0331809
-0.0167119
0.00726523
-0.0175113
-0.00900324
0.0193046
-0.0584055
-0.0471627
-0.0801394
-0.0404104
0.0485694
-0.0391659
0.000187294
0.00447238
-0.0846695
0.00753705
0.0308937
-0.0966658
0.0340221
0.015488
0.0166029
0.00862831
-0.00854323
0.00066955
0.00770201
-0.050833
0.0866194
0.0319446
-0.0861977
-0.0606213
-0.00541676
0.025366
-0.0504276
0.0362635
-0.00865429
0.0371246
-0.0591447
-0.042532
-0.0229524
0.00271899
-0.0322042
0.0386517
-0.0173018
-0.0157579
-0.0218629
-0.075084
-0.015979
-0.0607679
-0.0423481
0.0126176
-0.0263833
0.0380241
-0.0765108
-0.0493514
-0.105424
0.0103676
0.068464
0.111482
-0.0267063
0.0559522
-0.091917
0.0435312
-0.0553279
0.013901
0.00368706
0.00328045
-0.016983
-0.0158803
-0.0190418
0.0450503
0.018835
0.0498069
0.0339448
-0.010997
0.078086
0.0215634
-0.00826501
-0.0135025
0.0612226
-0.0781523
-0.00590548
0.0164606
0.0123342
-0.00980331
-0.0712906
-0.00509591
0.0167006
-0.0375897
-0.114582
-0.0332307
-0.0525012
-0.0321009
0.0253297
-0.0381128
0.0383557
0.0575788
0.0129916
-0.0353417
-0.0343592
0.0157964
-0.00457799
-0.0276351
-0.0232554
0.015923
-0.0803056
0.022685
-0.0271106
0.00139208
-0.0165599
-0.00704326
-0.0519619
-0.00133924
-0.0486912
0.0189647
0.00865839
0.00307979
-0.00100483
-0.0508439
0.00396449
0.0402228
-0.0301041
-0.0191897
0.023791
0.0468444
-0.0285044
0.00570183
-0.00768186
-0.0222063
-0.0128692
-0.03112
0.0140836
-0.0281504
0.0126066
-0.0420371
0.00896863
-0.00678241
0.0469315
-0.028843
0.0853846
0.0834631
0.0365435
-0.0378607
-0.031348
0.00964495
-0.0441671
0.0170969
-0.0470397
0.0882724
0.0306269
0.0330696
0.0117209
0.0143995
0.0618267
0.0746854
-0.0289273
-0.0398016
-0.00339273
0.048686
0.00480067
0.0599199
0.0334489
-0.00559975
0.0365859
-0.0479442
-0.0111665
0.0757046
0.0507277
-0.0674202
-0.020091
-0.00909773
0.0266479
-0.0481178
0.0367221
0.107102
-0.0497689
-0.05906
-0.043315
-0.0279904
-0.00317055
-0.0607284
-0.00403788
-0.0524019
-0.0576634
0.0677577
0.00290856
-0.0758434
-0.0257844
-0.0457237
-0.146709
-0.00187656
-0.0425216
0.0461991
0.102551
-0.0324247
-0.0383784
0.0487528
-0.0464308
-0.0418113
-0.0388752
0.0127846
-0.0690153
-0.0032039
0.0045921
-0.0308829
-0.0577638
0.0597057
-0.0478925
0.0170499
0.0460514
-0.0083559
-0.0244222
0.0616711
-0.0153041
-0.00532848
0.0187203
0.0340372
-0.0880397
-0.0501843
-0.0197155
0.0292817
0.0526062
-0.0380144
0.0663761
0.0273594
-0.00832019
-0.0414069
0.0326858
-0.0155965
-0.00248366
-0.0708389
-0.00201221
-0.0311836
-0.00358518
0.0210178
-0.0837779
-0.00257464
0.0110211
-0.0218874
-0.00863682
-0.0334069
0.00333239
-0.00140967
-0.0102981
-0.00772907
-0.0182577
-0.0246742
0.0711144
-0.0131917
0.000677881
0.0908796
0.00388074
-0.0331286
-0.103261
0.0594655
0.0262045
-0.0378613
0.0655386
0.021584
-0.045361
-0.00814343
-0.0229679
-0.0320994
0.00805954
-0.0252401
-0.085298
-0.0299496
0.0390349
-0.0165052
0.0175202
0.0481787
0.0143621
-0.0601233
-0.0730845
-0.090121
0.00314454
-0.0022064
-0.028693
-0.0396207
0.00437902
-0.119968
-0.0690989
-0.0320337
-0.0686313
-0.03985
0.00324404
-0.0989983
0.0148964
0.0749304
-0.0399453
0.0368281
0.00723664
-0.0154743
0.00668412
-0.0121955
0.05959
-0.0510432
0.00348978
-0.0566358
0.0376386
-0.0162713
-0.0079701
-0.0291954
0.0124613
-0.0484601
-0.00766343
0.0126977
0.0182544
0.0556373
0.00293161
-0.045262
-0.0283783
0.0309263
-0.0254015
-0.00536046
0.0870858
-0.0314665
0.0480766
0.000790472
0.0221862
-0.0508026
0.018806
-0.0750235
-0.0572672
0.0653351
0.0121907
0.04125
-0.028246
0.0133891
-0.00706837
0.0545984
0.0439821
0.142764
0.0468454
-0.0378869
0.0131963
0.0394192
-0.00949738
-0.00205294
0.0202656
0.00339152
-0.0118195
-0.0226725
0.0523934
-0.022889
0.0489379
0.0645039
-0.0188052
0.0514667
-0.00104614
0.0402814
-0.0200224
0.0228024
0.021792
0.0246635
0.0324845
-0.0126307
-0.0501463
0.0259297
-0.0116054
0.0791567
0.0343449
0.0630277
0.0309671
0.0287031
0.0330163
0.0953489
0.010145
-0.0663273
-0.00660763
-0.0194494
0.013842
-0.0582855
-0.0357083
0.0171386
-0.0126691
-0.0270826
-0.102056
-0.0598858
-0.0106931
-0.0467848
0.0137595
-0.0768645
0.0156684
0.0398315
0.0714756
-0.021141
-0.00657536
-0.012976
0.0941654
0.00990978
-0.0825759
0.0150682
-0.0617775
-0.037386
0.0502576
-0.0560081
0.00685161
0.0415764
-0.0333851
0.00474312
-0.0331521
0.00635275
0.0588885
0.0236902
0.000934778
-0.0194766
-0.0177864
0.0299907
-0.046452
-0.00244331
-0.00572303
-0.0233537
-0.00341762
-0.049827
-0.011835
-0.0182326
-0.0123754
0.0133441
-0.00681017
0.0321823
0.0246384
0.00993567
-0.0696467
0.00667578
0.0187256
0.055431
0.0994189
0.105529
0.007268
-0.05879
-0.0246422
-0.0562018
-0.0743343
-0.00860305
-0.0596464
-0.00309438
-0.0375547
0.0091109
0.0362482
-0.0507639
-0.0227748
0.0552841
-0.0337117
0.0036376
-0.0506062
0.0194842
-0.109456
0.0405018
0.0180677
0.0493312
0.0051604
-0.0487541
-0.0355054
0.00609179
0.0352409
0.0282028
-0.0729783
0.024722
0.0410255
0.0534782
-0.0433504
-0.0191956
0.00915005
-0.0791125
0.0256762
-0.0142494
0.0103923
0.003254
-0.00790188
-0.0456377
-0.0117618
-0.0446609
-0.173599
0.0290755
-0.0312358
-0.0193957
-0.0193748
-0.0655844
-0.0126071
0.019106
0.018555
0.0112377
0.0283689
-0.0477613
0.0585107
0.00896848
0.016932
0.0582701
-0.0173207
0.0391427
-0.0291158
0.0270093
-0.03164
-0.0258885
0.00857278
-0.0142415
0.00531746
-0.0256769
-0.00278129
0.0289531
0.00255299
-0.0731379
-0.0109451
-0.0186155
0.00744616
0.0222612
0.0227132
0.0345871
-0.0116223
0.0020902
-0.0246761
0.0254682
-0.0300185
0.0228299
0.0126714
-0.0498555
-0.0321796
0.0183013
-0.0520961
-0.0934785
0.0356347
-0.0174771
0.0351617
0.0970105
-0.0531738
0.0180474
0.0089682
0.00893046
-0.0704304
-0.0194968
-0.0420254
0.00672326
-0.0166776
-0.00631144
0.0115289
-0.0706193
-0.0452056
-0.00101994
0.0012097
0.0559012
-0.0779994
0.00389927
-0.0342103
0.0237022
-0.015682
-0.0341416
0.0265839
-0.0584396
-0.0246078
-0.0581878
0.0550193
0.0556303
-0.0489527
0.064657
0.103284
0.00816258
-0.0260056
0.0572602
-0.0212222
0.0290084
0.012696
0.00683114
0.0089378
-0.0326562
0.0174555
0.0343575
-0.0918664
0.0476515
-0.0294175
-0.101518
-0.0413282
-0.0196977
-0.00249501
0.0158613
-0.0514664
0.00815739
-0.0304507
0.0580226
-0.0449871
0.0702061
0.0569916
0.023804
0.0209921
0.0157244
-0.0460958
-0.0431809
0.0378934
-0.113352
-0.0913872
0.0497897
-0.00147474
0.0153463
0.0342652
0.100022
0.0243564
0.0046327
-0.0181765
-0.0110726
0.0289343
0.0229636
-0.107385
0.0403459
0.0424721
0.0238556
-0.00562419
-0.0236918
0.0626168
0.00950762
-0.0585405
0.0631267
-0.0601765
-0.0350101
-0.0286105
-0.110372
-0.033027
0.0011119
0.0366764
0.038984
0.0383902
0.066374
0.0298021
-0.0932426
-0.0133394
-0.0843815
-0.0691361
0.0485351
0.0557839
0.109252
-0.00475712
0.0625743
0.0444414
-0.0165748
0.0270845
0.049191
0.038568
-0.0497828
0.0184457
0.0372397
0.0210668
0.00569491
-0.0452698
0.019541
0.00184185
0.0572297
-0.0156993
-0.0144709
-0.0162833
0.0528546
0.0643279
0.0257911
0.0903995
-0.0239885
-0.00107293
-0.00881779
0.00537027
0.0154788
-0.0121702
0.0163112
0.0235152
-0.0306538
0.0341722
-0.0201481
0.0535797
-0.0203851
-0.0812692
-0.0331766
-0.032635
0.00555045
-0.0291616
-0.0771274
0.0122438
0.0265903
-0.0139702
0.0336967
-0.0154771
-0.0776565
-0.00109321
0.0790645
0.155237
0.0325575
0.0251259
0.050315
0.0169427
0.0313715
-0.0254025
0.017714
-0.00370169
0.0571199
-0.0198708
0.0196632
0.0667323
0.00460738
-0.001813
-0.0644228
-0.028972
0.0436722
-0.0752735
0.0175858
0.0642613
-0.0475195
0.0136727
-0.0292047
0.0257871
0.0362116
0.0667461
0.00272866
-0.0636399
-0.0358085
-0.0311576
-0.0482933
-0.00811369
0.0137222
0.00278995
0.0589128
-0.0116115
0.0121901
0.0323175
-0.072541
0.00764234
-0.00165568
-0.0444659
0.0160583
0.0370378
0.0319753
-0.0567229
0.00503532
0.0463046
-0.0852153
-0.0288966
0.0791924
